-46.30799865722656 -41.42300033569336 -58.027000427246094
-47.42399978637695 -40.84400177001953 -57.21799850463867
-48.05699920654297 -39.56700134277344 -57.722999572753906
-47.28200149536133 -38.61600112915039 -58.26100158691406
-47.73400115966797 -37.266998291015625 -58.611000061035156
-48.43000030517578 -37.0989990234375 -59.944000244140625
-49.797000885009766 -36.88199996948242 -59.9109992980957
-50.73500061035156 -36.76599884033203 -61.03900146484375
-50.29100036621094 -35.64099884033203 -62.03499984741211
-50.00899887084961 -35.81399917602539 -63.35900115966797
-49.77299880981445 -34.680999755859375 -64.1709976196289
-50.972999572753906 -33.82099914550781 -64.50800323486328
-50.66299819946289 -32.512001037597656 -64.83100128173828
-51.70199966430664 -31.58799934387207 -65.2030029296875
-51.27299880981445 -31.052000045776367 -66.5719985961914
-50.47200012207031 -30.006000518798828 -66.74700164794922
-50.22200012207031 -29.20599937438965 -67.93599700927734
-48.82699966430664 -28.493000030517578 -67.84700012207031
-48.0369987487793 -28.347999572753906 -68.89399719238281
-46.75 -27.548999786376953 -68.90699768066406
-47.07600021362305 -26.136999130249023 -68.80799865722656
-46.1609992980957 -25.395999908447266 -68.13400268554688
-46.15700149536133 -23.974000930786133 -67.93499755859375
-44.79199981689453 -23.385000228881836 -68.2040023803711
-44.840999603271484 -22.027999877929688 -68.48200225830078
-43.625999450683594 -21.26099967956543 -68.95500183105469
-42.44300079345703 -21.148000717163086 -68.01799774169922
-41.40299987792969 -20.516000747680664 -68.50299835205078
-40.08100128173828 -20.35700035095215 -67.94100189208984
-40.104000091552734 -19.386999130249023 -66.78600311279297
-39.42300033569336 -19.8439998626709 -65.69100189208984
-39.19499969482422 -19.124000549316406 -64.47599792480469
-37.88199996948242 -18.326000213623047 -64.572998046875
-36.762001037597656 -18.645000457763672 -63.770999908447266
-35.45800018310547 -18.1560001373291 -64.16899871826172
-34.74399948120117 -18.889999389648438 -65.27300262451172
-34.9010009765625 -20.22100067138672 -65.24600219726562
-34.35300064086914 -21.20800018310547 -66.12799835205078
-35.297000885009766 -22.36400032043457 -66.28299713134766
-35.56999969482422 -22.82900047302246 -67.51699829101562
-36.41600036621094 -24.003000259399414 -67.94499969482422
-37.939998626708984 -23.87299919128418 -67.75599670410156
-38.70199966430664 -24.545000076293945 -68.5999984741211
-40.180999755859375 -24.731000900268555 -68.3010025024414
-40.551998138427734 -25.5310001373291 -67.09600067138672
-41.617000579833984 -25.086000442504883 -66.38300323486328
-42.1349983215332 -25.761999130249023 -65.22799682617188
-43.2400016784668 -26.729000091552734 -65.76799774169922
-43.404998779296875 -27.993000030517578 -65.26699829101562
-44.56999969482422 -28.81399917602539 -65.58300018310547
-45.34400177001953 -28.922000885009766 -64.33300018310547
-46.638999938964844 -28.5939998626709 -64.38600158691406
-47.5890007019043 -28.60099983215332 -63.26300048828125
-48.15700149536133 -29.905000686645508 -63.029998779296875
-48.25899887084961 -30.268999099731445 -61.70100021362305
-48.59000015258789 -31.57699966430664 -61.25699996948242
-49.18000030517578 -31.594999313354492 -59.8120002746582
-49.69499969482422 -32.76499938964844 -59.40599822998047
-50.4379997253418 -32.737998962402344 -58.17399978637695
-49.96500015258789 -33.76499938964844 -57.23099899291992
-49.888999938964844 -33.43899917602539 -55.90999984741211
-49.766998291015625 -34.35200119018555 -54.74700164794922
-51.17300033569336 -34.7859992980957 -54.356998443603516
-51.62699890136719 -36.03300094604492 -54.60200119018555
-52.952999114990234 -36.49700164794922 -54.3129997253418
-53.066001892089844 -36.75899887084961 -52.78900146484375
-51.935001373291016 -37.13100051879883 -52.15700149536133
-51.9739990234375 -37.42300033569336 -50.722999572753906
-51.99399948120117 -36.11199951171875 -49.861000061035156
-51.111000061035156 -35.082000732421875 -50.138999938964844
-51.17499923706055 -33.84299850463867 -49.29999923706055
-52.26300048828125 -32.904998779296875 -49.8650016784668
-52.66699981689453 -33.00299835205078 -51.14799880981445
-53.60900115966797 -32.08700180053711 -51.744998931884766
-52.96799850463867 -30.805999755859375 -52.24300003051758
-51.60499954223633 -30.77400016784668 -52.439998626708984
-50.95899963378906 -29.573999404907227 -52.9119987487793
-50.58700180053711 -29.77899932861328 -54.334999084472656
-50.53499984741211 -28.64299964904785 -55.07899856567383
-49.85599899291992 -28.601999282836914 -56.30400085449219
-48.430999755859375 -28.84600067138672 -56.11000061035156
-47.83599853515625 -29.54599952697754 -57.09400177001953
-46.387001037597656 -29.667999267578125 -57.08000183105469
-45.88600158691406 -29.27400016784668 -58.459999084472656
-44.683998107910156 -28.648000717163086 -58.46500015258789
-44.1879997253418 -28.06599998474121 -59.632999420166016
-42.89500045776367 -28.746000289916992 -59.9900016784668
-42.88800048828125 -29.458999633789062 -61.130001068115234
-41.83700180053711 -30.27199935913086 -61.57899856567383
-40.930999755859375 -29.545000076293945 -62.52399826049805
-39.62200164794922 -29.422000885009766 -62.06700134277344
-38.584999084472656 -28.79599952697754 -62.90999984741211
-37.61000061035156 -29.891000747680664 -63.27299880981445
-37.10499954223633 -29.78499984741211 -64.50599670410156
-36.31700134277344 -30.829999923706055 -65.10900115966797
-34.91600036621094 -30.33099937438965 -65.58599853515625
-33.85200119018555 -30.966999053955078 -65.0009994506836
-32.50199890136719 -30.61199951171875 -65.24600219726562
-31.65399932861328 -31.735000610351562 -65.93199920654297
-30.84000015258789 -31.363000869750977 -66.97699737548828
-29.940000534057617 -32.303001403808594 -67.64399719238281
-28.573999404907227 -32.047000885009766 -67.05000305175781
-28.017000198364258 -33.125 -66.36399841308594
-26.841999053955078 -32.95399856567383 -65.46499633789062
-25.84600067138672 -33.944000244140625 -66.04499816894531
-24.520000457763672 -33.7239990234375 -66.30699920654297
-23.49799919128418 -34.77199935913086 -66.45800018310547
-23.485000610351562 -36.018001556396484 -65.59100341796875
-23.194000244140625 -37.22200012207031 -66.16300201416016
-22.88599967956543 -38.41600036621094 -65.46600341796875
-21.73900032043457 -39.05699920654297 -66.197998046875
-21.018999099731445 -40.15700149536133 -65.72100067138672
-19.743000030517578 -40.64099884033203 -66.38700103759766
-18.631000518798828 -39.685001373291016 -66.80699920654297
-18.073999404907227 -40.00299835205078 -67.98200225830078
-16.74799919128418 -39.441001892089844 -68.43699645996094
-15.416000366210938 -39.7869987487793 -67.72799682617188
-14.329999923706055 -39.29600143432617 -68.375
-12.984000205993652 -39.64699935913086 -67.86299896240234
-12.539999961853027 -38.95600128173828 -66.57099914550781
-13.145999908447266 -37.986000061035156 -65.875
-12.708000183105469 -37.34700012207031 -64.64700317382812
-13.013999938964844 -37.974998474121094 -63.4119987487793
-13.942999839782715 -38.88999938964844 -63.40700149536133
-14.406000137329102 -39.37200164794922 -62.07400131225586
-15.550000190734863 -40.222999572753906 -62.159000396728516
-16.642000198364258 -39.9379997253418 -62.959999084472656
-17.882999420166016 -40.702999114990234 -63.03799819946289
-18.851999282836914 -40.24100112915039 -62.02299880981445
-20.180999755859375 -40.59400177001953 -62.2140007019043
-21.2450008392334 -40.10499954223633 -61.4109992980957
-21.523000717163086 -38.63800048828125 -61.611000061035156
-22.426000595092773 -38.053001403808594 -60.78799819946289
-22.69499969482422 -36.659000396728516 -60.64799880981445
-21.490999221801758 -35.68299865722656 -60.45500183105469
-21.613000869750977 -34.49300003051758 -60.948001861572266
-20.67300033569336 -33.39400100708008 -60.74399948120117
-20.924999237060547 -32.98500061035156 -59.30400085449219
-19.81800079345703 -32.83100128173828 -58.45800018310547
-19.78700065612793 -32.40299987792969 -57.060001373291016
-20.413000106811523 -31.054000854492188 -56.8120002746582
-20.29599952697754 -30.051000595092773 -57.766998291015625
-21.07200050354004 -28.82699966430664 -57.6870002746582
-22.601999282836914 -28.93899917602539 -57.52399826049805
-23.280000686645508 -29.68199920654297 -58.35499954223633
-24.733999252319336 -29.924999237060547 -58.36399841308594
-25.086999893188477 -30.615999221801758 -57.051998138427734
-24.250999450683594 -31.535999298095703 -56.57500076293945
-24.51099967956543 -32.20399856567383 -55.31800079345703
-24.5049991607666 -31.319000244140625 -54.042999267578125
-23.51099967956543 -30.332000732421875 -53.97200012207031
-23.409000396728516 -29.295000076293945 -52.98699951171875
-24.606000900268555 -28.325000762939453 -53.10900115966797
-25.01799964904785 -28.086000442504883 -54.345001220703125
-25.97100067138672 -27.100000381469727 -54.68299865722656
-27.374000549316406 -27.55900001525879 -54.284000396728516
-27.690000534057617 -28.770000457763672 -54.689998626708984
-28.795000076293945 -29.58099937438965 -54.130001068115234
-28.695999145507812 -29.802000045776367 -52.63600158691406
-27.469999313354492 -30.017000198364258 -51.999000549316406
-27.417999267578125 -30.152999877929688 -50.512001037597656
-27.790000915527344 -28.81100082397461 -49.823001861572266
-27.246999740600586 -27.597999572753906 -50.2859992980957
-27.570999145507812 -26.378999710083008 -49.625999450683594
-29.075000762939453 -26.000999450683594 -49.73400115966797
-29.607999801635742 -26.323999404907227 -50.94300079345703
-31.003999710083008 -25.983999252319336 -51.25600051879883
-32.00299835205078 -26.718000411987305 -50.439998626708984
-31.694000244140625 -28.0310001373291 -50.1510009765625
-32.268001556396484 -28.809999465942383 -49.08100128173828
-32.03799819946289 -28.149999618530273 -47.70000076293945
-30.823999404907227 -27.83099937438965 -47.36899948120117
-30.434999465942383 -27.375999450683594 -46.02399826049805
-31.10300064086914 -26.030000686645508 -45.69499969482422
-31.299999237060547 -25.18899917602539 -46.805999755859375
-32.0989990234375 -23.968000411987305 -46.720001220703125
-33.57099914550781 -24.200000762939453 -46.54999923706055
-34.071998596191406 -25.305999755859375 -47.10300064086914
-35.393001556396484 -25.801000595092773 -46.85599899291992
-35.58000183105469 -26.22800064086914 -45.4379997253418
-34.61399841308594 -26.937999725341797 -44.8390007019043
-34.698001861572266 -27.56999969482422 -43.53099822998047
-34.81999969482422 -26.70199966430664 -42.3380012512207
-34.45899963378906 -25.400999069213867 -42.46799850463867
-34.630001068115234 -24.423999786376953 -41.486000061035156
-36.11000061035156 -23.916000366210938 -41.340999603271484
-36.9379997253418 -24.070999145507812 -42.36800003051758
-38.32600021362305 -23.663999557495117 -42.29199981689453
-38.59199905395508 -22.163999557495117 -42.255001068115234
-38.38600158691406 -21.461000442504883 -43.39699935913086
-38.547000885009766 -20.042999267578125 -43.553001403808594
-39.73899841308594 -19.773000717163086 -44.52799987792969
-40.61899948120117 -18.71500015258789 -44.382999420166016
-41.70399856567383 -18.417999267578125 -45.28200149536133
-41.277000427246094 -17.792999267578125 -46.49399948120117
-40.03200149536133 -17.326000213623047 -46.68600082397461
-39.74700164794922 -16.43899917602539 -47.845001220703125
-38.79100036621094 -17.152999877929688 -48.78900146484375
-38.430999755859375 -18.485000610351562 -48.7140007019043
-37.69200134277344 -19.243999481201172 -49.749000549316406
-38.292999267578125 -20.540000915527344 -50.06999969482422
-38.361000061035156 -20.84000015258789 -51.38600158691406
-38.750999450683594 -22.113000869750977 -52.02799987792969
-38.49700164794922 -23.448999404907227 -51.310001373291016
-39.507999420166016 -24.298999786376953 -51.05400085449219
-39.28099822998047 -25.628999710083008 -50.512001037597656
-39.03900146484375 -26.63599967956543 -51.632999420166016
-37.887001037597656 -27.361000061035156 -51.62900161743164
-37.63800048828125 -28.461000442504883 -52.54999923706055
-38.06700134277344 -29.746000289916992 -51.915000915527344
-39.26900100708008 -30.2810001373291 -52.25400161743164
-39.78799819946289 -31.42300033569336 -51.56399917602539
-38.95399856567383 -32.70100021362305 -51.875
-38.560001373291016 -32.974998474121094 -53.172000885009766
-37.95500183105469 -34.29199981689453 -53.500999450683594
-37.20399856567383 -34.15399932861328 -54.82899856567383
-36.380001068115234 -35.09400177001953 -55.209999084472656
-35.53200149536133 -35.12799835205078 -56.457000732421875
-35.5890007019043 -36.499000549316406 -57.095001220703125
-36.020999908447266 -36.659000396728516 -58.400001525878906
-36.132999420166016 -38.005001068115234 -58.98699951171875
-35.26499938964844 -38.064998626708984 -60.2239990234375
-34.124000549316406 -38.77299880981445 -60.07099914550781
-33.1619987487793 -39.06700134277344 -61.154998779296875
-33.680999755859375 -40.19599914550781 -62.04100036621094
-33.31399917602539 -40.11899948120117 -63.292999267578125
-33.63800048828125 -41.02799987792969 -64.39800262451172
-32.42499923706055 -41.042999267578125 -65.302001953125
-31.915000915527344 -42.207000732421875 -65.74500274658203
-30.770999908447266 -42.332000732421875 -66.64600372314453
-31.40399932861328 -42.84400177001953 -67.93299865722656
-31.007999420166016 -42.21900177001953 -69.06999969482422
-31.48699951171875 -42.590999603271484 -70.41000366210938
-30.249000549316406 -42.650001525878906 -71.26899719238281
-29.106000900268555 -42.02199935913086 -70.99400329589844
-27.8439998626709 -42.119998931884766 -71.79100036621094
-26.719999313354492 -42.27000045776367 -70.77899932861328
-25.589000701904297 -42.89699935913086 -71.21099853515625
-24.492000579833984 -43.24300003051758 -70.41300201416016
-23.729999542236328 -42.051998138427734 -69.64199829101562
-23.88800048828125 -40.8380012512207 -70.20999908447266
-22.957000732421875 -39.790000915527344 -69.88200378417969
-23.70400047302246 -38.58100128173828 -69.35800170898438
-25.03499984741211 -38.750999450683594 -69.1259994506836
-25.923999786376953 -37.680999755859375 -68.73400115966797
-26.9060001373291 -38.23899841308594 -67.87899780273438
-27.354999542236328 -37.48400115966797 -66.88099670410156
-28.371999740600586 -37.97800064086914 -65.98799896240234
-29.43199920654297 -36.97100067138672 -66.0510025024414
-30.724000930786133 -37.35100173950195 -66.0790023803711
-31.889999389648438 -36.47999954223633 -66.2490005493164
-32.694000244140625 -36.547000885009766 -65.00599670410156
-32.7599983215332 -35.43299865722656 -64.23799896240234
-33.1510009765625 -35.37300109863281 -62.85100173950195
-34.35599899291992 -34.479000091552734 -62.74700164794922
-35.49700164794922 -34.986000061035156 -62.27000045776367
-36.611000061035156 -34.111000061035156 -62.04800033569336
-36.72800064086914 -33.770999908447266 -60.61399841308594
-36.72600173950195 -32.433998107910156 -60.35200119018555
-36.75199890136719 -31.68199920654297 -59.07500076293945
-38.250999450683594 -31.4060001373291 -58.720001220703125
-38.7760009765625 -31.902999877929688 -57.60599899291992
-40.209999084472656 -31.76099967956543 -57.29100036621094
-40.314998626708984 -30.625999450683594 -56.249000549316406
-40.736000061035156 -29.450000762939453 -56.73500061035156
-40.97600173950195 -28.233999252319336 -55.875
-42.400001525878906 -27.909000396728516 -55.50400161743164
-42.645999908447266 -26.95199966430664 -54.617000579833984
-43.893001556396484 -26.263999938964844 -54.393001556396484
-44.358001708984375 -25.302000045776367 -55.56399917602539
-45.67499923706055 -24.999000549316406 -55.62300109863281
-46.242000579833984 -24.202999114990234 -56.68199920654297
-47.34400177001953 -23.336999893188477 -56.12900161743164
-47.59299850463867 -22.322999954223633 -56.82699966430664
-48.55799865722656 -21.343000411987305 -56.43899917602539
-48.861000061035156 -20.452999114990234 -57.66299819946289
-50.12699890136719 -20.187999725341797 -57.952999114990234
-50.527000427246094 -19.667999267578125 -59.25
-50.46699905395508 -18.104000091552734 -59.417999267578125
-49.70199966430664 -17.371999740600586 -58.560001373291016
-49.67300033569336 -15.913999557495117 -58.5880012512207
-48.292999267578125 -15.42199993133545 -58.36800003051758
-47.88199996948242 -14.22700023651123 -58.827999114990234
-46.62200164794922 -13.541999816894531 -58.66600036621094
-46.86899948120117 -12.121999740600586 -58.17499923706055
-45.78499984741211 -11.350000381469727 -57.987998962402344
-45.79600143432617 -9.91100025177002 -57.73500061035156
-46.46699905395508 -8.97700023651123 -58.72999954223633
-46.43199920654297 -9.258000373840332 -60.04800033569336
-47.07099914550781 -8.42199993133545 -61.07099914550781
-48.56100082397461 -8.704999923706055 -61.14500045776367
-48.986000061035156 -9.994999885559082 -61.12699890136719
-50.36000061035156 -10.449999809265137 -61.16600036621094
-51.11899948120117 -9.968999862670898 -60.00199890136719
-50.41400146484375 -9.89900016784668 -58.83300018310547
-50.99300003051758 -9.39799976348877 -57.60499954223633
-51.569000244140625 -7.982999801635742 -57.7599983215332
-50.880001068115234 -7.1620001792907715 -58.46699905395508
-51.209999084472656 -5.820000171661377 -58.729000091552734
-51.92499923706055 -5.704999923706055 -60.07400131225586
-52.01599884033203 -6.676000118255615 -61.01599884033203
-52.99300003051758 -6.702000141143799 -62.0880012512207
-54.26900100708008 -7.2829999923706055 -61.680999755859375
-54.35900115966797 -7.704999923706055 -60.375
-55.70800018310547 -7.833000183105469 -59.744998931884766
-56.290000915527344 -6.769000053405762 -58.77000045776367
-55.43299865722656 -5.841000080108643 -58.319000244140625
-55.55799865722656 -4.697999954223633 -57.505001068115234
-56.48500061035156 -3.7920000553131104 -58.22800064086914
-57.375999450683594 -3.0250000953674316 -57.595001220703125
-58.10900115966797 -1.965999960899353 -58.26499938964844
-57.303001403808594 -0.796999990940094 -58.90599822998047
-57.89500045776367 -0.04600000008940697 -59.8849983215332
-57.29999923706055 1.1269999742507935 -60.49300003051758
-56.70600128173828 2.2179999351501465 -59.57099914550781
-57.16600036621094 2.6070001125335693 -58.36000061035156
-56.45100021362305 3.49399995803833 -57.39099884033203
-55.33100128173828 2.734999895095825 -56.731998443603516
-55.12900161743164 1.4290000200271606 -56.926998138427734
-54.04800033569336 0.5680000185966492 -56.48400115966797
-54.3129997253418 0.11599999666213989 -55.183998107910156
-53.487998962402344 -0.8220000267028809 -54.66600036621094
-53.47200012207031 -1.4129999876022339 -53.35200119018555
-53.2130012512207 -0.3190000057220459 -52.32500076293945
-53.659000396728516 -0.4959999918937683 -51.047000885009766
-53.04199981689453 0.14800000190734863 -49.874000549316406
-51.54199981689453 0.15600000321865082 -49.92300033569336
-50.94200134277344 1.2730000019073486 -49.54899978637695
-49.494998931884766 1.5130000114440918 -49.409000396728516
-48.86800003051758 0.6779999732971191 -48.290000915527344
-49.61199951171875 0.4830000102519989 -47.14099884033203
-49.250999450683594 -0.46000000834465027 -46.071998596191406
-49.20500183105469 -1.9270000457763672 -46.553001403808594
-50.047000885009766 -2.4070000648498535 -47.435001373291016
-49.93000030517578 -3.7730000019073486 -48.04600143432617
-48.63600158691406 -3.864000082015991 -48.89400100708008
-48.34600067138672 -2.8350000381469727 -49.707000732421875
-47.066001892089844 -2.7200000286102295 -50.44499969482422
-45.87699890136719 -2.678999900817871 -49.46799850463867
-45.90599822998047 -1.9529999494552612 -48.29499816894531
-44.75 -1.9199999570846558 -47.40399932861328
-44.51499938964844 -3.2139999866485596 -46.66299819946289
-45.59700012207031 -4.071000099182129 -46.369998931884766
-45.494998931884766 -5.4730000495910645 -45.86899948120117
-44.77299880981445 -6.316999912261963 -46.895999908447266
-45.23899841308594 -6.298999786376953 -48.17399978637695
-44.750999450683594 -7.071000099182129 -49.31399917602539
-43.244998931884766 -6.913000106811523 -49.60599899291992
-42.731998443603516 -5.663000106811523 -49.52199935913086
-41.277000427246094 -5.264999866485596 -49.52899932861328
-40.5 -5.839000225067139 -48.35599899291992
-41.15299987792969 -5.78000020980835 -47.12099838256836
-40.564998626708984 -6.359000205993652 -45.957000732421875
-40.36000061035156 -7.892000198364258 -46.03300094604492
-41.41400146484375 -8.593000411987305 -46.47999954223633
-41.40399932861328 -10.055999755859375 -46.792999267578125
-40.48400115966797 -10.53600025177002 -47.875999450683594
-40.26599884033203 -9.803999900817871 -48.944000244140625
-39.28799819946289 -9.949000358581543 -50.03499984741211
-37.85300064086914 -9.630999565124512 -49.553001403808594
-37.617000579833984 -8.564000129699707 -48.80500030517578
-36.39699935913086 -8.359000205993652 -48.22800064086914
-35.88100051879883 -9.402000427246094 -47.189998626708984
-36.832000732421875 -9.82800006866455 -46.284000396728516
-36.52199935913086 -10.888999938964844 -45.305999755859375
-36.06399917602539 -12.220999717712402 -46.03799819946289
-36.643001556396484 -12.574000358581543 -47.16299819946289
-36.23400115966797 -13.713000297546387 -47.986000061035156
-34.86199951171875 -13.652999877929688 -48.61899948120117
-34.417999267578125 -12.477999687194824 -49.111000061035156
-33.1870002746582 -12.144000053405762 -49.7140007019043
-32.01599884033203 -11.979999542236328 -48.69599914550781
-32.21200180053711 -11.324999809265137 -47.569000244140625
-31.283000946044922 -11.378000259399414 -46.433998107910156
-30.982999801635742 -12.803999900817871 -45.89699935913086
-31.993000030517578 -13.717000007629395 -46.02399826049805
-31.804000854492188 -15.062000274658203 -45.611000061035156
-30.993999481201172 -15.791000366210938 -46.6609992980957
-31.361000061035156 -15.651000022888184 -47.90399932861328
-30.547000885009766 -16.11199951171875 -49.03900146484375
-29.110000610351562 -15.600000381469727 -49.029998779296875
-28.89299964904785 -14.303000450134277 -48.86600112915039
-27.5939998626709 -13.67199993133545 -48.7140007019043
-26.7549991607666 -14.196000099182129 -47.479000091552734
-27.413000106811523 -14.371000289916992 -46.28099822998047
-26.836000442504883 -14.946000099182129 -45.11399841308594
-26.281999588012695 -16.381999969482422 -45.189998626708984
-26.826000213623047 -17.239999771118164 -46.03300094604492
-26.482999801635742 -18.63800048828125 -46.20600128173828
-25.756999969482422 -18.89299964904785 -47.44499969482422
-25.06100082397461 -17.856000900268555 -48.10499954223633
-24.170000076293945 -18.016000747680664 -49.23899841308594
-24.929000854492188 -18.302000045776367 -50.49399948120117
-26.13800048828125 -17.67799949645996 -50.75400161743164
-26.854000091552734 -17.808000564575195 -51.9739990234375
-27.12700080871582 -16.360000610351562 -52.465999603271484
-26.95400047302246 -16.059999465942383 -53.77399826049805
-27.3439998626709 -14.767000198364258 -54.3380012512207
-28.49799919128418 -14.904000282287598 -55.310001373291016
-29.222000122070312 -13.878999710083008 -55.733001708984375
-30.26799964904785 -13.956999778747559 -56.832000732421875
-29.798999786376953 -13.192999839782715 -58.064998626708984
-29.562000274658203 -13.883000373840332 -59.11600112915039
-28.996000289916992 -13.300999641418457 -60.417999267578125
-29.959999084472656 -13.098999977111816 -61.50400161743164
-31.27899932861328 -13.26200008392334 -61.183998107910156
-32.34000015258789 -12.812999725341797 -62.11600112915039
-33.202999114990234 -11.803000450134277 -61.391998291015625
-33.768001556396484 -12.196999549865723 -60.27899932861328
-34.729000091552734 -11.439000129699707 -59.48500061035156
-35.92399978637695 -10.645999908447266 -60.249000549316406
-36.92599868774414 -11.399999618530273 -60.88600158691406
-38.025001525878906 -10.831000328063965 -61.55500030517578
-39.303001403808594 -11.635000228881836 -61.25699996948242
-40.52199935913086 -11.119999885559082 -61.349998474121094
-41.70199966430664 -11.902999877929688 -61.064998626708984
-41.970001220703125 -13.182999610900879 -61.86399841308594
-41.25400161743164 -13.543000221252441 -62.895999908447266
-41.159000396728516 -14.880000114440918 -63.45199966430664
-40.604000091552734 -15.894000053405762 -62.54199981689453
-39.77299880981445 -15.46399974822998 -61.59600067138672
-39.194000244140625 -16.30299949645996 -60.56100082397461
-39.37900161743164 -15.91100025177002 -59.11600112915039
-40.19599914550781 -14.932999610900879 -58.94900131225586
-40.56399917602539 -14.569999694824219 -57.5880012512207
-42.06700134277344 -14.777999877929688 -57.375999450683594
-42.492000579833984 -15.777999877929688 -56.60100173950195
-43.8849983215332 -16.160999298095703 -56.560001373291016
-44.560001373291016 -15.557999610900879 -55.2599983215332
-45.92300033569336 -15.47599983215332 -55.22700119018555
-46.59400177001953 -14.99899959564209 -53.96099853515625
-47.52399826049805 -16.06100082397461 -53.33700180053711
-47.54100036621094 -16.308000564575195 -52.03200149536133
-48.57500076293945 -17.11400032043457 -51.358001708984375
-49.279998779296875 -16.482999801635742 -50.20100021362305
-50.30699920654297 -17.156999588012695 -49.68299865722656
-51.303001403808594 -16.58099937438965 -48.79800033569336
-51.75 -15.142000198364258 -49.14799880981445
-52.0620002746582 -14.295000076293945 -48.15999984741211
-52.41299819946289 -12.984999656677246 -48.486000061035156
-51.2599983215332 -12.050999641418457 -48.94300079345703
-49.96500015258789 -12.506999969482422 -48.80699920654297
-48.84299850463867 -11.755000114440918 -49.35900115966797
-47.52799987792969 -12.204000473022461 -48.74399948120117
-47.362998962402344 -13.571999549865723 -48.553001403808594
-46.029998779296875 -14.114999771118164 -48.305999755859375
-45.31700134277344 -14.317999839782715 -49.66400146484375
-44.22600173950195 -13.583000183105469 -49.840999603271484
-43.4739990234375 -13.505999565124512 -51.10200119018555
-42.4370002746582 -14.574000358581543 -50.97100067138672
-42.332000732421875 -15.484000205993652 -51.94300079345703
-41.19200134277344 -16.34600067138672 -51.88399887084961
-40.25600051879883 -16.179000854492188 -53.0620002746582
-38.91600036621094 -16.152999877929688 -52.85100173950195
-37.965999603271484 -16.260000228881836 -53.915000915527344
-37.8129997253418 -17.656999588012695 -54.444000244140625
-37.409000396728516 -17.868000030517578 -55.67499923706055
-37.262001037597656 -19.19499969482422 -56.275001525878906
-36.23699951171875 -19.243000030517578 -57.47700119018555
-35.92300033569336 -20.496000289916992 -57.9739990234375
-35.0099983215332 -20.81800079345703 -59.084999084472656
-33.595001220703125 -20.263999938964844 -58.986000061035156
-33.209999084472656 -19.834999084472656 -57.80400085449219
-31.82900047302246 -19.698999404907227 -57.430999755859375
-30.94300079345703 -20.958999633789062 -57.52299880981445
-31.426000595092773 -22.18899917602539 -57.37699890136719
-30.66699981689453 -23.378999710083008 -57.417999267578125
-30.42300033569336 -23.860000610351562 -58.81999969482422
-30.945999145507812 -23.226999282836914 -59.89400100708008
-30.704999923706055 -23.57200050354004 -61.25299835205078
-29.493000030517578 -22.850000381469727 -61.78099822998047
-28.89699935913086 -21.847999572753906 -61.10599899291992
-27.82900047302246 -21.003000259399414 -61.60499954223633
-26.58300018310547 -21.584999084472656 -62.12300109863281
-25.913999557495117 -22.381999969482422 -61.32099914550781
-24.68899917602539 -23.038999557495117 -61.6349983215332
-25.03499984741211 -24.31599998474121 -62.54199981689453
-26.291000366210938 -24.871999740600586 -62.402000427246094
-26.79800033569336 -26.055999755859375 -63.00199890136719
-27.048999786376953 -25.764999389648438 -64.51100158691406
-27.760000228881836 -24.650999069213867 -64.85800170898438
-27.958999633789062 -24.243999481201172 -66.24299621582031
-26.72599983215332 -23.72800064086914 -66.99600219726562
-25.641000747680664 -23.434999465942383 -66.28299713134766
-24.28499984741211 -23.121000289916992 -66.79499816894531
-23.725000381469727 -24.363000869750977 -67.47699737548828
-23.996000289916992 -25.594999313354492 -66.95800018310547
-23.679000854492188 -26.878999710083008 -67.53700256347656
-24.472000122070312 -27.152000427246094 -68.86199951171875
-25.767000198364258 -26.791000366210938 -68.84500122070312
-26.726999282836914 -27.009000778198242 -69.9540023803711
-26.711999893188477 -26.010000228881836 -71.15699768066406
-26.291000366210938 -24.777000427246094 -70.8270034790039
-26.2189998626709 -23.722000122070312 -71.76899719238281
-27.607999801635742 -23.076000213623047 -72.09600067138672
-27.95400047302246 -21.812999725341797 -71.5719985961914
-29.173999786376953 -21.170000076293945 -71.79900360107422
-29.128000259399414 -19.621999740600586 -71.68199920654297
-28.246000289916992 -19.06399917602539 -70.8239974975586
-28.027999877929688 -17.68000030517578 -70.49400329589844
-29.31599998474121 -16.933000564575195 -70.15499877929688
-30.27899932861328 -17.628000259399414 -69.55000305175781
-31.652999877929688 -17.125999450683594 -69.4990005493164
-31.871999740600586 -15.715999603271484 -69.0
-31.280000686645508 -15.241000175476074 -67.87000274658203
-31.458999633789062 -13.890999794006348 -67.44599914550781
-30.975000381469727 -12.88700008392334 -68.39600372314453
-29.98900032043457 -13.237000465393066 -69.20600128173828
-29.38599967956543 -12.359000205993652 -70.1709976196289
-30.363000869750977 -12.031999588012695 -71.31099700927734
-30.944000244140625 -13.104999542236328 -71.86199951171875
-31.80500030517578 -13.060999870300293 -73.05000305175781
-33.24100112915039 -12.668000221252441 -72.60600280761719
-33.82400131225586 -13.119999885559082 -71.4209976196289
-35.2239990234375 -12.819000244140625 -71.00499725341797
-35.20399856567383 -11.666999816894531 -70.0770034790039
-35.57400131225586 -10.45199966430664 -70.56600189208984
-36.000999450683594 -9.222999572753906 -69.8489990234375
-34.8650016784668 -8.369999885559082 -69.19499969482422
-34.52000045776367 -7.241000175476074 -69.81400299072266
-33.31999969482422 -6.491000175476074 -69.51200103759766
-33.48099899291992 -5.369999885559082 -68.46900177001953
-34.68199920654297 -5.014999866485596 -68.00800323486328
-34.933998107910156 -3.688999891281128 -67.44499969482422
-34.762001037597656 -3.5880000591278076 -65.89600372314453
-34.382999420166016 -4.677999973297119 -65.21499633789062
-34.06999969482422 -4.541999816894531 -63.808998107910156
-32.60100173950195 -4.804999828338623 -63.58000183105469
-31.753000259399414 -4.8480000495910645 -64.6449966430664
-30.308000564575195 -5.1570000648498535 -64.58499908447266
-29.56999969482422 -3.984999895095825 -63.902000427246094
-28.461000442504883 -4.234000205993652 -63.13100051879883
-27.608999252319336 -3.2149999141693115 -62.42900085449219
-26.56800079345703 -2.561000108718872 -63.29499816894531
-26.358999252319336 -1.305999994277954 -63.18000030517578
-25.378999710083008 -0.527999997138977 -64.01399993896484
-23.915000915527344 -1.0889999866485596 -64.2490005493164
-23.281999588012695 -1.6369999647140503 -63.20800018310547
-21.881999969482422 -2.0510001182556152 -63.18199920654297
-21.829999923706055 -3.3519999980926514 -63.946998596191406
-22.90999984741211 -4.184000015258789 -63.92399978637695
-23.069000244140625 -5.423999786376953 -64.7229995727539
-23.174999237060547 -5.126999855041504 -66.22899627685547
-23.979000091552734 -4.144999980926514 -66.52799987792969
-24.275999069213867 -3.5420000553131104 -67.85800170898438
-22.985000610351562 -2.953000068664551 -68.4209976196289
-22.187000274658203 -2.253999948501587 -67.56500244140625
-20.910999298095703 -1.7569999694824219 -67.99299621582031
-19.79599952697754 -2.74399995803833 -67.77400207519531
-20.04800033569336 -4.058000087738037 -67.97799682617188
-19.052000045776367 -5.163000106811523 -68.02100372314453
-18.231000900268555 -5.36299991607666 -66.75700378417969
-18.726999282836914 -5.290999889373779 -65.54900360107422
-18.018999099731445 -5.489999771118164 -64.29299926757812
-18.336999893188477 -6.831999778747559 -63.63600158691406
-17.558000564575195 -7.34499979019165 -62.694000244140625
-17.902000427246094 -8.576000213623047 -61.979000091552734
-19.082000732421875 -8.559000015258789 -61.07899856567383
-19.7810001373291 -9.673999786376953 -60.99599838256836
-20.888999938964844 -9.883999824523926 -60.03799819946289
-20.547000885009766 -9.817999839782715 -58.62799835205078
-21.381999969482422 -9.26200008392334 -57.7239990234375
-21.124000549316406 -9.125 -56.30799865722656
-22.49799919128418 -8.802000045776367 -55.73699951171875
-22.80500030517578 -8.85200023651123 -54.41299819946289
-24.176000595092773 -8.696999549865723 -54.0359992980957
-24.965999603271484 -7.38100004196167 -54.16600036621094
-24.340999603271484 -6.183000087738037 -54.314998626708984
-25.0939998626709 -4.999000072479248 -54.61899948120117
-25.906999588012695 -4.994999885559082 -55.87300109863281
-25.700000762939453 -6.007999897003174 -56.797000885009766
-26.458999633789062 -6.197999954223633 -57.9379997253418
-27.98200035095215 -6.443999767303467 -57.61399841308594
-28.281999588012695 -7.372000217437744 -56.689998626708984
-29.597000122070312 -7.855000019073486 -56.244998931884766
-30.597000122070312 -6.747000217437744 -55.82699966430664
-29.985000610351562 -5.764999866485596 -55.11800003051758
-30.704999923706055 -4.636000156402588 -54.571998596191406
-31.0310001373291 -3.6029999256134033 -55.599998474121094
-30.391000747680664 -3.634999990463257 -56.762001037597656
-30.81800079345703 -2.7690000534057617 -57.87300109863281
-32.18899917602539 -3.131999969482422 -58.41600036621094
-32.375 -4.441999912261963 -58.57099914550781
-33.641998291015625 -5.085000038146973 -58.84700012207031
-34.70199966430664 -4.921000003814697 -57.816001892089844
-34.29899978637695 -4.964000225067139 -56.53099822998047
-35.25199890136719 -4.578999996185303 -55.46900177001953
-35.69599914550781 -3.065999984741211 -55.54600143432617
-34.749000549316406 -2.184000015258789 -55.99700164794922
-34.95600128173828 -0.7829999923706055 -56.362998962402344
-36.03099822998047 -0.5509999990463257 -57.40800094604492
-35.87300109863281 -1.2719999551773071 -58.54199981689453
-36.922000885009766 -1.190000057220459 -59.6349983215332
-38.28900146484375 -1.7990000247955322 -59.229000091552734
-38.404998779296875 -2.8589999675750732 -58.41899871826172
-39.64400100708008 -3.490999937057495 -58.0890007019043
-40.45100021362305 -2.619999885559082 -57.1609992980957
-39.729000091552734 -1.9470000267028809 -56.18299865722656
-40.2239990234375 -0.9520000219345093 -55.28499984741211
-40.854000091552734 0.2930000126361847 -55.95899963378906
-40.165000915527344 0.8960000276565552 -56.999000549316406
-40.58000183105469 1.909000039100647 -57.856998443603516
-41.819000244140625 1.527999997138977 -58.69499969482422
-41.87099838256836 0.37599998712539673 -59.34600067138672
-42.94900131225586 -0.09200000017881393 -60.143001556396484
-44.25299835205078 -0.23499999940395355 -59.349998474121094
-44.20100021362305 -0.7059999704360962 -58.066001892089844
-45.354000091552734 -1.0529999732971191 -57.28200149536133
-46.30099868774414 0.054999999701976776 -56.94300079345703
-45.70800018310547 1.2960000038146973 -56.944000244140625
-46.41299819946289 2.505000114440918 -56.60599899291992
-46.81399917602539 3.263000011444092 -57.847999572753906
-45.8849983215332 3.1459999084472656 -58.81700134277344
-45.970001220703125 3.7929999828338623 -60.167999267578125
-46.95100021362305 3.0850000381469727 -61.02399826049805
-47.220001220703125 1.8109999895095825 -60.78900146484375
-48.356998443603516 1.1269999742507935 -61.362998962402344
-48.14400100708008 0.6230000257492065 -62.84299850463867
-46.849998474121094 0.7979999780654907 -63.20500183105469
-46.39400100708008 0.4950000047683716 -64.49800109863281
-44.82600021362305 0.5979999899864197 -64.48899841308594
-44.13600158691406 0.054999999701976776 -65.52300262451172
-42.691001892089844 0.017000000923871994 -65.54100036621094
-42.01300048828125 1.4210000038146973 -65.36699676513672
-40.80099868774414 1.4930000305175781 -64.79399871826172
-39.95199966430664 2.6740000247955322 -64.72799682617188
-38.83000183105469 2.5850000381469727 -65.79000091552734
-38.426998138427734 1.3890000581741333 -66.1969985961914
-37.45399856567383 1.11899995803833 -67.23799896240234
-38.053001403808594 0.4440000057220459 -68.4739990234375
-37.65800094604492 1.0149999856948853 -69.61100006103516
-38.209999084472656 0.7009999752044678 -70.86900329589844
-37.112998962402344 0.7369999885559082 -71.86399841308594
-35.84299850463867 0.46399998664855957 -71.427001953125
-34.650001525878906 0.22100000083446503 -72.29399871826172
-34.92499923706055 -0.6439999938011169 -73.50399780273438
-34.67399978637695 -0.024000000208616257 -74.70700073242188
-34.8849983215332 -0.5450000166893005 -76.03600311279297
-33.93299865722656 -1.7430000305175781 -76.2509994506836
-32.69499969482422 -1.4809999465942383 -75.80500030517578
-31.56100082397461 -2.3940000534057617 -75.84600067138672
-30.98699951171875 -2.4639999866485596 -74.49199676513672
-29.937999725341797 -3.2160000801086426 -74.18399810791016
-29.187999725341797 -3.171999931335449 -72.97799682617188
-28.400999069213867 -1.8940000534057617 -72.8219985961914
-27.826000213623047 -1.36899995803833 -73.9209976196289
-27.211000442504883 -0.07400000095367432 -73.84500122070312
-28.115999221801758 1.0540000200271606 -73.5270004272461
-29.350000381469727 1.034000039100647 -74.08300018310547
-30.416000366210938 2.0299999713897705 -73.87799835205078
-30.874000549316406 1.8910000324249268 -72.35600280761719
-30.893999099731445 0.6629999876022339 -71.76399993896484
-31.08300018310547 0.41499999165534973 -70.34500122070312
-30.115999221801758 1.2139999866485596 -69.40899658203125
-28.795000076293945 1.2979999780654907 -69.7300033569336
-27.854999542236328 2.0250000953674316 -68.92900085449219
-28.02899932861328 3.5260000228881836 -69.0790023803711
-28.420000076293945 3.9549999237060547 -70.24299621582031
-28.71500015258789 5.333000183105469 -70.52899932861328
-30.14299964904785 5.824999809265137 -70.01699829101562
-31.08300018310547 4.927999973297119 -69.9000015258789
-32.361000061035156 5.26800012588501 -69.31400299072266
-32.18899917602539 5.359000205993652 -67.82599639892578
-31.115999221801758 4.745999813079834 -67.3280029296875
-30.698999404907227 4.9120001792907715 -65.9260025024414
-30.101999282836914 6.309000015258789 -65.7249984741211
-29.233999252319336 6.739999771118164 -66.5989990234375
-28.851999282836914 8.121000289916992 -66.45999908447266
-29.95199966430664 9.204999923706055 -66.75599670410156
-30.992000579833984 8.864999771118164 -67.60600280761719
-32.04199981689453 9.855999946594238 -67.74600219726562
-32.72200012207031 10.41100025177002 -66.4260025024414
-32.891998291015625 9.468999862670898 -65.44499969482422
-33.47600173950195 9.765000343322754 -64.14600372314453
-32.43899917602539 10.274999618530273 -63.082000732421875
-31.381000518798828 9.494999885559082 -62.731998443603516
-30.566999435424805 9.779000282287598 -61.52399826049805
-29.200000762939453 10.486000061035156 -61.917999267578125
-29.011999130249023 10.795000076293945 -63.249000549316406
-27.815000534057617 11.602999687194824 -63.76499938964844
-26.42300033569336 10.956999778747559 -63.564998626708984
-25.375999450683594 11.645999908447266 -64.00499725341797
-24.010000228881836 11.17199993133545 -64.06999969482422
-23.35300064086914 11.375 -62.71099853515625
-22.64699935913086 10.435999870300293 -62.07600021362305
-21.85700035095215 10.581999778747559 -60.832000732421875
-20.708999633789062 11.609999656677246 -60.82500076293945
-20.253000259399414 12.22700023651123 -59.80799865722656
-18.888999938964844 12.76099967956543 -59.75199890136719
-17.76799964904785 11.692999839782715 -59.91699981689453
-16.500999450683594 12.123000144958496 -60.10100173950195
-15.414999961853027 11.234999656677246 -60.347999572753906
-15.145999908447266 10.041000366210938 -59.33300018310547
-15.036999702453613 10.319000244140625 -58.012001037597656
-14.95199966430664 9.340999603271484 -56.946998596191406
-16.062000274658203 8.32699966430664 -57.005001068115234
-17.344999313354492 8.793000221252441 -57.104000091552734
-18.520000457763672 7.859000205993652 -57.06999969482422
-18.711999893188477 6.974999904632568 -58.30699920654297
-18.075000762939453 7.324999809265137 -59.47200012207031
-18.052000045776367 6.4039998054504395 -60.60499954223633
-17.410999298095703 5.039999961853027 -60.4630012512207
-17.97100067138672 3.996000051498413 -61.077999114990234
-17.415000915527344 2.6410000324249268 -61.1510009765625
-15.99899959564209 2.5199999809265137 -61.57500076293945
-15.272000312805176 1.4479999542236328 -61.06399917602539
-13.907999992370605 1.1629999876022339 -61.486000061035156
-13.857999801635742 0.0 -62.409000396728516
-12.833999633789062 0.10499999672174454 -63.29399871826172
-12.640000343322754 -0.6660000085830688 -64.49500274658203
-13.800999641418457 -1.2209999561309814 -65.28199768066406
-14.569000244140625 -0.4230000078678131 -65.9489974975586
-15.91100025177002 -0.7599999904632568 -66.43399810791016
-15.789999961853027 -0.3720000088214874 -67.92500305175781
-16.808000564575195 -0.625 -68.74400329589844
-16.66699981689453 -0.7200000286102295 -70.17900085449219
-16.458999633789062 0.6729999780654907 -70.93499755859375
-16.915000915527344 1.7380000352859497 -70.33000183105469
-16.77199935913086 3.1110000610351562 -70.81900024414062
-16.25200080871582 4.090000152587891 -69.83300018310547
-15.36299991607666 5.025000095367432 -70.11699676513672
-14.876999855041504 6.090000152587891 -69.1449966430664
-15.956999778747559 7.13700008392334 -68.96199798583984
-15.888999938964844 7.936999797821045 -67.86299896240234
-16.78499984741211 8.935999870300293 -67.50599670410156
-16.90999984741211 10.041999816894531 -68.56700134277344
-15.843000411987305 10.35099983215332 -69.33899688720703
-15.835000038146973 11.387999534606934 -70.33000183105469
-16.440000534057617 10.949000358581543 -71.6969985961914
-16.90399932861328 9.678999900817871 -71.79100036621094
-17.57699966430664 9.16100025177002 -72.98600006103516
-19.12299919128418 9.38599967956543 -72.8740005493164
-19.621000289916992 9.829000473022461 -71.73899841308594
-21.0 10.14799976348877 -71.5009994506836
-21.191999435424805 11.62600040435791 -71.40499877929688
-22.323999404907227 12.135000228881836 -71.79900360107422
-22.804000854492188 13.496000289916992 -71.49500274658203
-23.26099967956543 13.593999862670898 -70.01799774169922
-23.09000015258789 14.748000144958496 -69.427001953125
-23.190000534057617 15.00100040435791 -67.9749984741211
-24.582000732421875 15.449999809265137 -67.59200286865234
-25.65399932861328 14.854000091552734 -68.20099639892578
-26.993000030517578 14.77299976348877 -67.61100006103516
-27.084999084472656 14.666000366210938 -66.06900024414062
-28.017000198364258 15.343000411987305 -65.40599822998047
-28.055999755859375 15.387999534606934 -63.94599914550781
-29.323999404907227 14.630999565124512 -63.47700119018555
-29.639999389648438 14.793000221252441 -62.209999084472656
-30.621000289916992 13.920000076293945 -61.57600021362305
-31.934999465942383 14.640999794006348 -61.553001403808594
-33.05699920654297 13.934000015258789 -61.43899917602539
-34.382999420166016 14.562000274658203 -61.275001525878906
-34.92100143432617 14.170000076293945 -59.88600158691406
-35.84299850463867 14.925000190734863 -59.2239990234375
-36.60200119018555 14.407999992370605 -58.06700134277344
-37.275001525878906 13.08899974822998 -58.23899841308594
-36.854000091552734 12.109999656677246 -57.37900161743164
-37.44599914550781 10.755999565124512 -57.28499984741211
-38.96799850463867 10.779999732971191 -57.095001220703125
-39.50199890136719 11.762999534606934 -56.29999923706055
-40.970001220703125 11.989999771118164 -56.0890007019043
-41.59299850463867 12.562999725341797 -57.32899856567383
-40.801998138427734 13.194999694824219 -58.29600143432617
-41.29199981689453 13.586000442504883 -59.582000732421875
-41.229000091552734 12.468999862670898 -60.57500076293945
-40.2130012512207 11.621999740600586 -60.56399917602539
-39.9640007019043 10.467000007629395 -61.37300109863281
-40.904998779296875 9.385000228881836 -61.05400085449219
-41.18600082397461 9.157999992370605 -59.810001373291016
-42.266998291015625 8.244000434875488 -59.39099884033203
-43.3849983215332 9.052000045776367 -58.74599838256836
-44.37300109863281 9.409000396728516 -59.54399871826172
-45.736000061035156 9.854999542236328 -59.012001037597656
-46.31999969482422 9.008999824523926 -57.89699935913086
-47.05799865722656 9.541000366210938 -56.92300033569336
-47.71900177001953 8.87600040435791 -55.801998138427734
-46.71699905395508 8.045000076293945 -54.95899963378906
-45.5369987487793 8.588000297546387 -54.67399978637695
-44.49100112915039 7.940000057220459 -53.86199951171875
-44.08300018310547 8.920000076293945 -52.8120002746582
-44.119998931884766 8.54699993133545 -51.53300094604492
-43.74100112915039 9.35099983215332 -50.3120002746582
-42.2140007019043 9.651000022888184 -50.297000885009766
-41.75899887084961 10.74899959564209 -49.67100143432617
-40.38800048828125 11.151000022888184 -49.57500076293945
-39.43299865722656 10.25100040435791 -48.77000045776367
-39.92499923706055 9.732999801635742 -47.77899932861328
-39.2400016784668 8.753000259399414 -46.99800109863281
-38.974998474121094 7.441999912261963 -47.69599914550781
-39.98099899291992 6.888999938964844 -48.444000244140625
-39.96500015258789 5.8520002365112305 -49.527000427246094
-39.05699920654297 6.114999771118164 -50.66600036621094
-39.14500045776367 7.380000114440918 -51.23500061035156
-38.257999420166016 7.826000213623047 -52.297000885009766
-36.7859992980957 7.980000019073486 -51.81100082397461
-36.54600143432617 8.184000015258789 -50.51100158691406
-35.19599914550781 8.281000137329102 -49.97200012207031
-34.56700134277344 6.853000164031982 -49.79899978637695
-35.395999908447266 5.836999893188477 -49.472999572753906
-35.125 4.47599983215332 -49.49399948120117
-34.95899963378906 3.9079999923706055 -50.93199920654297
-35.689998626708984 4.435999870300293 -51.99700164794922
-35.34600067138672 4.139999866485596 -53.39500045776367
-34.018001556396484 4.78000020980835 -53.854000091552734
-33.65999984741211 6.002999782562256 -53.35599899291992
-32.400001525878906 6.630000114440918 -53.637001037597656
-31.19300079345703 5.875 -52.97999954223633
-31.32900047302246 5.2870001792907715 -51.83000183105469
-30.371999740600586 4.331999778747559 -51.2400016784668
-30.291000366210938 3.062000036239624 -52.077999114990234
-31.35700035095215 2.5399999618530273 -52.69599914550781
-31.356000900268555 1.3580000400543213 -53.58399963378906
-30.929000854492188 1.6260000467300415 -55.034000396728516
-31.316999435424805 2.7009999752044678 -55.76100158691406
-30.750999450683594 3.109999895095825 -57.0260009765625
-29.53700065612793 4.040999889373779 -56.8650016784668
-28.632999420166016 3.7679998874664307 -55.82899856567383
-27.327999114990234 4.302999973297119 -55.74700164794922
-26.488000869750977 3.61899995803833 -56.86000061035156
-26.007999420166016 4.51800012588501 -57.757999420166016
-25.26300048828125 4.1620001792907715 -58.93299865722656
-23.961000442504883 3.497999906539917 -58.53300094604492
-23.158000946044922 4.045000076293945 -57.58700180053711
-21.92099952697754 3.441999912261963 -56.99599838256836
-22.2189998626709 2.187000036239624 -56.12799835205078
-21.663000106811523 1.0149999856948853 -56.4379997253418
-21.874000549316406 -0.2240000069141388 -55.67599868774414
-21.44499969482422 -0.1899999976158142 -54.220001220703125
-20.320999145507812 0.3959999978542328 -53.86399841308594
-19.81100082397461 0.453000009059906 -52.52399826049805
-20.542999267578125 1.3550000190734863 -51.558998107910156
-21.45400047302246 2.1419999599456787 -52.084999084472656
-22.409000396728516 2.9489998817443848 -51.387001037597656
-23.875 2.621000051498413 -51.584999084472656
-24.20400047302246 1.3619999885559082 -52.08700180053711
-25.524999618530273 0.8619999885559082 -52.29600143432617
-25.916000366210938 -0.05700000002980232 -51.106998443603516
-26.968000411987305 0.32100000977516174 -50.323001861572266
-27.351999282836914 -0.49399998784065247 -49.15800094604492
-27.740999221801758 -1.9780000448226929 -49.36000061035156
-27.417999267578125 -2.825000047683716 -48.37300109863281
-27.8439998626709 -4.184000015258789 -48.233001708984375
-29.30500030517578 -4.355000019073486 -47.854000091552734
-29.82699966430664 -5.557000160217285 -48.10200119018555
-31.253999710083008 -5.96999979019165 -47.80699920654297
-31.645000457763672 -5.781000137329102 -46.340999603271484
-30.756000518798828 -6.041999816894531 -45.46699905395508
-30.917999267578125 -5.861000061035156 -44.04999923706055
-31.19300079345703 -4.385000228881836 -43.65399932861328
-30.433000564575195 -3.3340001106262207 -44.189998626708984
-30.63599967956543 -1.9149999618530273 -43.8120002746582
-32.08300018310547 -1.503999948501587 -44.14899826049805
-32.59000015258789 -1.9559999704360962 -45.28900146484375
-33.90599822998047 -1.6200000047683716 -45.887001037597656
-34.9900016784668 -2.2720000743865967 -45.084999084472656
-34.715999603271484 -3.4549999237060547 -44.54399871826172
-35.65800094604492 -4.098999977111816 -43.643001556396484
-35.83599853515625 -3.313999891281128 -42.3650016784668
-34.73899841308594 -2.619999885559082 -41.91600036621094
-34.72700119018555 -1.934000015258789 -40.69200134277344
-34.96699905395508 -0.4359999895095825 -40.9010009765625
-35.34199905395508 -0.0430000014603138 -42.125
-35.69599914550781 1.2920000553131104 -42.4900016784668
-36.93299865722656 1.871000051498413 -41.85599899291992
-36.89899826049805 3.1710000038146973 -41.555999755859375
-38.027000427246094 3.822999954223633 -40.84400177001953
-39.292999267578125 3.9079999923706055 -41.73899841308594
-39.13199996948242 3.828000068664551 -43.05799865722656
-40.30699920654297 3.8929998874664307 -43.9119987487793
-41.35100173950195 2.736999988555908 -43.86399841308594
-40.95500183105469 1.4869999885559082 -43.39500045776367
-41.68299865722656 0.24400000274181366 -43.47100067138672
-42.430999755859375 -0.014999999664723873 -42.08700180053711
