-46.30799865722656 -41.42300033569336 -58.027000427246094
-47.42399978637695 -40.84400177001953 -57.21799850463867
-48.05699920654297 -39.56700134277344 -57.722999572753906
-47.2818297121567 -38.61539040612437 -58.25967257012853
-47.734025099107924 -37.26639327321458 -58.60944014029088
-48.42829633289281 -37.09790444015558 -59.94327934337603
-49.79577296200738 -36.88365430500614 -59.91208983331888
-50.73225763656308 -36.76792874702125 -61.04137840779625
-50.290522130944815 -35.63871783699223 -62.033611474481354
-49.999509723619944 -35.8082928461713 -63.35610515289202
-49.766903936390584 -34.67277202945811 -64.16555495890388
-50.97198207732913 -33.8243516619661 -64.51361417773975
-50.67092816914981 -32.514366480997694 -64.84104356898753
-51.715339756012135 -31.600777984596405 -65.22346858974728
-51.28720837890423 -31.074419344276706 -66.59647121950336
-50.502644408327036 -30.017434961444877 -66.77972887105271
-50.25892665638119 -29.227919550601534 -67.97700865194902
-48.881891037465806 -28.481339321677545 -67.88370456054069
-48.07838271022268 -28.34388726923579 -68.92139947999398
-46.809572689677616 -27.51629981944611 -68.93387326853265
-47.169207732853955 -26.109606230993492 -68.89265940247513
-46.28285473570157 -25.323180150204763 -68.23198590076541
-46.31454944021675 -23.89512064133533 -68.08589825487117
-44.95992073636568 -23.2843146730508 -68.35868415445388
-45.037971124498426 -21.944642313914482 -68.70555728797191
-43.833730674777094 -21.170268311832203 -69.19381246209589
-42.68047311820812 -20.963988067847236 -68.23585801582468
-41.640731982224025 -20.34396103090083 -68.73661374605933
-40.33888698332578 -20.115097348141177 -68.15212897375315
-40.41099490905386 -19.050361655328636 -67.08601835796608
-39.75603065108472 -19.399846816596206 -65.93687957039832
-39.57526738059952 -18.57457982752195 -64.78237665538504
-38.27000518714371 -17.767992013637684 -64.9084264194639
-37.17586414719996 -17.991930770683318 -64.04120868727087
-35.86467588061721 -17.52137714440631 -64.43782841558563
-35.09698353816658 -18.35008269655015 -65.43345490424946
-35.2322340496472 -19.67421498734141 -65.27432011787567
-34.63450608756121 -20.735127728972202 -66.02902208494272
-35.5502513940597 -21.92204607772354 -66.09330868579686
-35.764367791610354 -22.523795848156194 -67.27887341883041
-36.570787049450786 -23.755924698554086 -67.60860711844768
-38.1038014206113 -23.63760419418159 -67.50343914673265
-38.815045335408946 -24.42902989018884 -68.28596532515269
-40.30271538137214 -24.608976858340004 -68.02926882846842
-40.71505821706864 -25.23893834898712 -66.73977671986039
-41.82067899382719 -24.72432716374164 -66.14530359254177
-42.37980160281729 -25.24240256486334 -64.92944361819266
-43.4373257884682 -26.30636893997132 -65.37367600801824
-43.60621517759812 -27.486171449429357 -64.69879620280358
-44.73810093014442 -28.374190405230348 -64.9465478995269
-45.58117288513391 -28.306926172620248 -63.73909240002733
-46.877627924532966 -28.0310482067727 -63.91376282056083
-47.891124141851996 -27.88952444613297 -62.857127424909514
-48.43420343816873 -29.158135292949563 -62.44116549933793
-48.60750855580002 -29.30083096987981 -61.07780979487673
-48.92706881941493 -30.529205983927543 -60.44020521128283
-49.60824935094188 -30.33076892909069 -59.04985845446351
-50.10522901845168 -31.438375831530326 -58.479612568990824
-50.92685612922037 -31.238804359977326 -57.315267967056265
-50.472424473445585 -32.06091244920962 -56.18153998835139
-50.50141764450264 -31.510154430107185 -54.93537951930585
-50.416983889354796 -32.2025142377003 -53.62597861441155
-51.823519012581954 -32.65052107254351 -53.254162221860575
-52.1951164550653 -33.94679891143134 -53.30644279763053
-53.5132103162688 -34.43649723461103 -53.02374297465476
-53.721249988656446 -34.443191785788045 -51.48729982629612
-52.619147694643694 -34.62047246536906 -50.73171167445343
-52.74514672763467 -34.666645619369106 -49.273926193883604
-52.91871942010998 -33.23406736049758 -48.6576807966499
-52.09093238070564 -32.198544719763966 -49.05809417232279
-52.301624609613135 -30.844139350602674 -48.45448877684936
-53.40877881909903 -30.107539223758153 -49.23835596951941
-53.70228286771792 -30.446280466251483 -50.51036648712712
-54.660141327067535 -29.723851801741404 -51.312506970128965
-54.08315203585303 -28.48153669125467 -51.963346628219
-52.71512212628696 -28.352770312335682 -52.0608759993692
-52.128930060913916 -27.185590075106628 -52.6725711720812
-51.612949626375716 -27.57484915653 -54.00957486345615
-51.594497783591024 -26.57207449603546 -54.9265466257788
-50.813672851393754 -26.65698538087182 -56.08691568988565
-49.395617949445835 -26.710497699495182 -55.74919935213896
-48.64997069688271 -27.49182518409237 -56.552829036292465
-47.20325661985077 -27.452194817588836 -56.410978776168946
-46.618019668523274 -27.236886929085294 -57.79725738581588
-45.48732551590218 -26.490114837754852 -57.82123369317055
-44.9448689256707 -26.0562773964802 -59.032219844774175
-43.563332342316855 -26.634802090319123 -59.167733611241495
-43.38131439615491 -27.525194756972628 -60.15873615350777
-42.21789879033811 -28.277137883221222 -60.37830666812444
-41.310211377021815 -27.626103506980492 -61.37562802359794
-40.06656552910835 -27.273547928766078 -60.85939106287523
-39.02787040200528 -26.68817249869184 -61.729072921106116
-37.91696491613934 -27.70794474193438 -61.81493046573688
-37.32240585304567 -27.76749674306942 -63.01054710857258
-36.38152999929544 -28.803835363391176 -63.3530899337834
-35.00703885849278 -28.237360692954024 -63.83185118156562
-33.93387541494429 -28.617557467439934 -63.06857901259472
-32.613946141982304 -28.153845384653234 -63.29510719912173
-31.59369044184622 -29.276028550530583 -63.683192097333574
-30.740665651099686 -29.01950578583186 -64.7317837319746
-29.690524715067202 -29.9535280034118 -65.13588221583274
-28.414120690465438 -29.41383270895865 -64.53268561049764
-27.810070784992647 -30.243340755096476 -63.589301974122975
-26.740361573396704 -29.742752332522997 -62.681994228690286
-25.612356301348647 -30.727394487467624 -62.940068168502975
-24.29371904375759 -30.43275624626185 -63.16301600332848
-23.172250142526618 -31.369768988960733 -62.99007898932158
-23.115916131706364 -32.35797546289013 -61.839145336340884
-22.69751360237526 -33.63415580510013 -62.07951840249137
-22.341195407056848 -34.58723201856078 -61.09412962190787
-21.12435424253025 -35.30472758305128 -61.610657331862726
-20.356147771464215 -36.194467903433676 -60.85292765081517
-19.02372953096651 -36.734397021803176 -61.341928388945675
-17.957160272894686 -35.83406662260782 -61.957320721518855
-17.33636571681944 -36.38790277681082 -63.00607432673886
-16.030761193116494 -35.86254789273099 -63.554285403370145
-14.707587495548825 -35.93820445955826 -62.754221264997774
-13.625169657215627 -35.57911800527846 -63.4880584216446
-12.281503188358498 -35.71091078745388 -62.87629790572713
-11.896550324402867 -34.658361819480284 -61.83330699054006
-12.53835675191805 -33.53750459676503 -61.48072124228494
-12.156352474584324 -32.55374000861642 -60.483514717191824
-12.5421010726633 -32.7726899835068 -59.1357340828784
-13.517513982150582 -33.60775120572443 -58.908721143090474
-14.055994806330894 -33.65214131550455 -57.51888199382243
-15.265531683716151 -34.40498036001056 -57.41684107120872
-16.307118593687065 -34.281565764299835 -58.319699517477105
-17.606138171996303 -34.94309055009319 -58.24020052651083
-18.56018417930334 -34.13851436092557 -57.44958051314854
-19.909759517375488 -34.4182728986866 -57.61605873979428
-20.948400149987872 -33.638680956390886 -57.0420423824396
-21.06556167376984 -32.26094392088211 -57.63994229040327
-21.923888777673515 -31.393262365537016 -57.05226204252647
-22.04884216877483 -29.994439975982736 -57.303024330425735
-20.753948816323533 -29.12126706234204 -57.31929199839637
-20.739785909911454 -28.104223187692185 -58.11894900792052
-19.694756812185297 -27.085280001121216 -58.17077367568129
-19.935592926936483 -26.27711809648254 -56.908532368537344
-18.844132789143316 -26.030134170825573 -56.06438061001503
-18.800734279343885 -25.24788946401537 -54.829570231684094
-19.21996459932741 -23.80897560707584 -54.99373805291742
-18.915295598293365 -23.129258389117428 -56.16714385258912
-19.49581076816516 -21.83420923239314 -56.471455035474044
-21.02910571261586 -21.682376189766526 -56.39423358518911
-21.787430971277605 -22.521446313940597 -57.0447735209043
-23.26052665153716 -22.551851054953595 -57.092799472370544
-23.756105504861075 -22.79957240713258 -55.67277451347639
-23.10278411289159 -23.680556077841096 -54.917882264733606
-23.50162410528529 -23.936187748897865 -53.55060351736625
-23.337824827780004 -22.765166098079412 -52.545235417445056
-22.16177154849929 -22.008554843282692 -52.653318611476756
-21.8664517808119 -20.789214588676742 -51.95905929737825
-22.820020010184823 -19.666147366101168 -52.42598640195946
-23.13583844039757 -19.68923124628926 -53.71217695030596
-23.84188878504671 -18.658400342801087 -54.370606821492906
-25.31938267076128 -18.69240302251995 -53.977994329819914
-25.887559103807344 -19.874220851858663 -54.08613675460742
-27.155684076222876 -20.259082650863746 -53.42577250152838
-27.132743323215795 -20.106574472057293 -51.92015239402188
-26.004520556184698 -20.430301761502275 -51.160293850624114
-26.00632646072377 -20.188905110475464 -49.68581365033783
-26.018054448629513 -18.666187327460477 -49.37717217702853
-25.162501302494874 -17.791711204194442 -50.07280804559687
-25.160355048687354 -16.40333153431582 -49.75827130049665
-26.502784930921415 -15.6941014837392 -50.09210385902066
-27.07108636023953 -16.165275472337097 -51.23452480511954
-28.314425035835143 -15.570909515091492 -51.74757716389422
-29.495981549373553 -15.795140022765343 -50.87794507980068
-29.569382239947107 -17.032362801848883 -50.27225548539608
-30.36093986722424 -17.34894799584396 -49.108456901010534
-29.973818311067458 -16.473119210722395 -47.89242868767887
-28.726956786897265 -16.442828208093005 -47.53251915437855
-28.24819930312155 -15.811129014495581 -46.29190577087941
-28.477988941746887 -14.290803875982338 -46.33647587180082
-28.37295347015796 -13.721830110697306 -47.61930459283582
-28.75863335620485 -12.337257340980115 -47.88546931498828
-30.235299447314162 -12.081615235540381 -47.82535637167629
-31.033678064070894 -13.087463478987402 -48.187165257691504
-32.451003532537484 -13.102696847578352 -47.9821264157144
-32.81170641979371 -13.135752688121148 -46.53408608367996
-32.144777781587145 -13.961202161854386 -45.715611593294426
-32.47011635095301 -14.239598963550412 -44.32492793284874
-32.33277526593423 -13.144266795032781 -43.33855367193002
-31.549084316526525 -12.089754251286738 -43.67568075374644
-31.413701312904397 -10.923373898072812 -42.921148881383196
-32.63290208180215 -9.939255926423789 -43.04176600975625
-33.409272780045264 -10.01893126272539 -44.11658572173893
-34.57354014747535 -9.172210340499486 -44.27632059452686
-34.3074531323495 -7.690293117646772 -44.51135960291299
-33.79813032679204 -7.326582132591406 -45.715148375030466
-33.44953309224452 -5.9919611608060155 -46.11295683869238
-34.40751573529332 -5.539859866712597 -47.262849452896276
-34.882169798975 -4.2469732320224525 -47.39678927874028
-35.73590225077582 -3.7901011690586803 -48.4626439072117
-35.036891727503935 -3.567614917148608 -49.68892922636331
-33.69695007472231 -3.568328386326183 -49.78655519892449
-33.04637105525282 -3.0471030835682527 -51.01795635067485
-32.32641852941399 -4.1906750232840375 -51.717086877240234
-32.45203172608977 -5.531013640071137 -51.405373511730275
-31.9439775706917 -6.6618967757968415 -52.215562954485215
-32.930269178205364 -7.722752516299489 -52.42927453021865
-32.99606873622328 -8.211300668815555 -53.687636859188146
-33.75232313226341 -9.377076877246735 -54.19145952225191
-34.0348970771695 -10.572263740996114 -53.26592770282157
-35.29497486892461 -10.980007615200556 -53.02906845912276
-35.58730310431651 -12.191865384576472 -52.28064472318612
-35.62827862908235 -13.403599442512668 -53.20761307529031
-34.80902367740689 -14.459053149806254 -52.947641315576675
-34.89179811824259 -15.723764927946247 -53.66450339319959
-35.79889018325733 -16.65496317955844 -52.92386649759159
-37.08224220492394 -16.800925470665845 -53.34535446144673
-38.02643908648266 -17.559800941845026 -52.5823169944707
-37.685391738518724 -19.079217883867578 -52.60720579522683
-37.31488893188718 -19.688850403935085 -53.79194036078652
-37.199375485288776 -21.168972531004137 -53.860147191853414
-36.34315415051314 -21.525331383908743 -55.079378540952085
-35.89331876561124 -22.743780002067375 -55.22349291412487
-35.01706693752703 -23.27922908766157 -56.32836809417196
-35.52886393193954 -24.622275422234097 -56.80189838591941
-35.87379233397801 -24.82533476669178 -58.126677749523076
-36.431396585563 -26.117415107288437 -58.56076786163891
-35.543509470773415 -26.685469488514908 -59.64527800145697
-34.77907028204729 -27.728017379533185 -59.25122445530365
-33.90817899253405 -28.520898018908127 -60.14555594487119
-34.73766261133413 -29.498435465564537 -60.97342934248112
-34.248377975888225 -29.762989403810867 -62.156109088735946
-34.79175554580533 -30.646982157504773 -63.19321497453463
-33.598916182957474 -31.26822153812644 -63.88604084709685
-33.55421835155826 -32.593322081518934 -64.11703447232871
-32.46854195623514 -33.2878659822664 -64.80629610519355
-33.11351532341264 -33.71254536575022 -66.1188684139293
-32.37223868904187 -33.494293295915654 -67.23380665093495
-32.81412529881672 -33.8625072642644 -68.58753808870472
-31.63765627487188 -34.574549897213785 -69.20633407074811
-30.37331075315657 -34.43490067536727 -68.80835786690734
-29.199052803268497 -35.180877290559636 -69.35798685263772
-28.36809277204012 -35.59856006999863 -68.1558760777965
-27.604888163404095 -36.71903143470187 -68.30069127764956
-26.865318697838404 -37.33956690177208 -67.28683876389076
-25.70086437867042 -36.47745260292082 -66.58371508796208
-25.21623096802983 -35.477690725277675 -67.3498640863753
-23.932788614753942 -34.91197195518527 -67.02523481317174
-24.059365586383283 -33.41320490687998 -66.8465101452162
-25.326309744423554 -32.91419991167811 -66.8350963334837
-25.631977294581368 -31.502387583511545 -66.78780788478835
-26.824141895072056 -31.352786230140083 -66.03742069705737
-26.935122839112346 -30.27633256914939 -65.2650488585316
-28.13040078019188 -30.047193384478874 -64.49396148657102
-28.56755016892002 -28.707813251974567 -64.88966153077187
-29.87781493433318 -28.449146786648498 -65.06502163060254
-30.466076606869027 -27.201776967419622 -65.56011086484
-31.26686859316756 -26.608735372550505 -64.46329776562408
-30.821109098510494 -25.45481862119375 -63.91107331411735
-31.208242423229024 -24.914406649717254 -62.631101920066754
-31.809183380948767 -23.55545767593686 -62.863914486575915
-33.07326713467588 -23.33558677604394 -62.48946126623865
-33.61093837899206 -22.01019714905768 -62.590225785142565
-33.60774882097455 -21.345512564245738 -61.269682342874916
-32.94180938812033 -20.157273707045064 -61.24081289428462
-32.64427658301683 -19.22336609975726 -60.12896798504304
-33.807333204076166 -18.178105706401027 -60.066255830426684
-34.56696282286992 -18.088460299821683 -58.98063948421194
-35.7407091595317 -17.196926101636155 -58.92384973784273
-35.30251445240819 -15.95341946775245 -58.11967892764377
-35.036085865090264 -14.867588858181506 -58.85886691170829
-34.66281979363754 -13.5311130036027 -58.26694946870425
-35.7355635024663 -12.47550175564238 -58.18984385312879
-35.501779018525674 -11.347994885040867 -57.52862564512437
-36.22896041769946 -10.107035634773549 -57.6274165679414
-36.071824509099734 -9.335238120882936 -59.003113215229156
-37.041966846192665 -8.448846639773512 -59.32390348734104
-37.06331153061611 -7.741461399342134 -60.57918685167763
-37.59586090796797 -6.348309877653172 -60.36544025593297
-37.25560508818087 -5.531307768420045 -61.256580005984915
-37.60378134229319 -4.1464534965597375 -61.200716619342835
-37.35025002756906 -3.5285636002072573 -62.592125875163056
-38.29108418125349 -2.760133969888847 -63.122621181223735
-38.30438391832314 -2.4249430792538518 -64.53686415056288
-37.46106506177787 -1.164296739900682 -64.9581733654898
-36.48428356828998 -0.7087745986256837 -64.12414311463228
-35.72891491046284 0.5088777913720679 -64.39641198186624
-34.303848391198706 0.32212531440322256 -64.03700129021988
-33.323159501040216 1.0295562764969877 -64.6255032748993
-31.9015934954338 1.0495150677205005 -64.37687367468098
-31.43049296919114 2.487276380145885 -64.20541826415203
-30.11801072384057 2.6707281613705782 -63.982386609715846
-29.420250164362105 3.954271430144522 -64.00469026753723
-29.475988849058062 4.819613430542897 -65.25396731042156
-29.513155791467465 4.243539875335901 -66.47219144227674
-29.588829167138854 5.0039946227916445 -67.72507864551322
-31.013034670136356 5.455088166253823 -67.99678343385821
-32.029381631598476 4.576121255105295 -67.7980264663117
-33.441771870936094 4.836310747904999 -67.98208839614703
-33.91020116092136 5.912593720459913 -67.09635220065466
-33.30978431621137 5.962547108609892 -65.86937036083724
-33.61451235870039 6.989327096648604 -64.89618487261919
-33.42841444309495 8.40646443982041 -65.45753598922684
-32.40515754039584 8.590699633987475 -66.21093693454624
-32.03569896390387 9.804118011337481 -66.81890359213955
-32.55846927470203 9.85666470567217 -68.25327753431289
-33.0684504150059 8.815480639501846 -68.95636830043051
-33.89857715384064 8.941405685008665 -70.13934293082247
-35.31108797961537 9.135242551420822 -69.82528883862005
-35.63690287544327 9.197892810062298 -68.49047089951131
-36.90678160194057 9.872806336219515 -68.08428925336318
-36.9517006799583 11.325846979548619 -67.52922320473218
-35.772213036188745 11.879837178002944 -67.21150985582848
-35.37217636550486 13.152583609801523 -66.75900998975634
-35.77613605112254 14.101359154365822 -67.826501609657
-36.232267177269726 15.327638476803322 -67.5599691405615
-36.3947968336272 16.33974358270145 -68.5880244415968
-35.134713986470395 16.80311760234811 -69.37831033020599
-35.30185805497867 17.3777572484494 -70.60906505105527
-34.23004666515707 17.94189510298802 -71.404420503852
-33.258732531073626 18.942342132447692 -70.73445430191099
-33.55228178213449 19.856519704879172 -69.78180223996209
-32.562500728138716 20.649493954971938 -68.98903261499656
-31.905647995976125 19.768156486043736 -67.96114693070484
-32.278292971106445 18.503140220019308 -67.74822913378632
-31.691986568340784 17.479474047010907 -66.90295789620176
-32.17613690174001 17.619231716774177 -65.59505771677894
-31.836856754387036 16.667795274738506 -64.69591943961152
-32.123698190256306 16.585759460929495 -63.28626598319339
-31.500081091066107 17.786604179925565 -62.587896505426976
-32.037052734808604 18.214919913450352 -61.40817831572301
-31.26949161592313 18.942577870108458 -60.38215720387615
-29.88319812662941 18.40237417000885 -60.18509045623337
-28.912958482900773 19.29086113185208 -60.05551604024362
-27.49330449968874 19.03466234283608 -59.75558178202334
-27.285931714274422 18.452428092243522 -58.355398818887444
-28.101419954250087 18.91699421971897 -57.34005492341054
-28.178447422734447 18.315522144480685 -56.00041701975119
-28.657545549604034 16.847399550621557 -56.02590478156351
-29.567963334732948 16.416833138257296 -56.86437862874273
-29.936418053520512 14.971128881299935 -57.029140153153236
-28.72624663245033 14.176660672513648 -57.58242341666881
-28.034247906707968 14.716513060241073 -58.599088227573034
-26.766442315097013 14.145028834223659 -59.11127872630876
-25.695849981487516 14.119199565826772 -58.005337791104246
-25.517004281627084 15.1640560900561 -57.12208486164853
-24.475651731841474 15.113079118955312 -56.10018170764623
-24.76499152684064 14.139066287090891 -54.98379220430412
-26.097827375069734 13.827793109959304 -54.64074561924726
-26.53657977102115 12.720927988556124 -53.74110430661249
-26.105927615076137 11.397558372079265 -54.33404730622334
-26.457988694941594 11.133709696953531 -55.62137018547614
-26.212821464801053 9.911059341841783 -56.38212324467879
-24.735357588541792 9.473764942603792 -56.44646262625751
-23.81626439389852 10.446708665321395 -56.649867767388045
-22.317095579816996 10.334303276387871 -56.52605212257537
-21.86387800782804 9.97443155996664 -55.120982002158044
-22.52258355991261 10.650653633696123 -54.08950391097074
-22.24691175238248 10.343347136472286 -52.72369105121897
-22.59481994442997 8.89327933045053 -52.306375291110385
-23.800535440914576 8.45369250348329 -52.700253963877344
-24.291567704773353 7.047415485332193 -52.55986801360773
-23.538919345680593 5.966093143021679 -53.27677033827878
-23.009570953243795 6.187344858258676 -54.45779242858193
-22.082929447098685 5.38204222314435 -55.270573890967555
-20.661762878468192 5.368643789639543 -54.66002408658451
-20.106219202990047 6.490285298058032 -54.227611067827816
-18.93166273597778 6.476938476661841 -53.53220073715616
-18.8880505726291 5.735588503289911 -52.16105134983665
-19.97991521398584 5.968373630706785 -51.34843053855016
-20.13104914302953 5.257257522314627 -50.0639932120772
-20.146984371787358 3.6851014976976577 -50.282810036135956
-20.74701218969584 3.1838963343765982 -51.338384861018454
-20.732822630259385 1.7678105195968612 -51.70775442015946
-19.39747714573759 1.1614286940581815 -52.07630612193778
-18.521195555285352 1.8933653896049685 -52.79479445415162
-17.217631257573302 1.5857233248129043 -53.238191037957414
-16.138204042602183 1.6722175285554013 -52.11488193713872
-16.147008516147935 2.68547513991592 -51.27179248248406
-15.380138532181176 2.6994128892850067 -50.02047411714184
-15.676596097383054 1.5193019168497515 -49.05543819815467
-16.949275822957944 1.0205451058703265 -49.091857120982546
-17.310339444428966 -0.09115566850208845 -48.28620932627605
-16.788058086651596 -1.3570834203095463 -48.93017428383733
-16.998011000174543 -1.509376681099541 -50.20769733036794
-16.36271875991122 -2.5690263172125114 -51.00575212464378
-14.844465566546237 -2.63177351087202 -50.87097832297799
-14.141446391750437 -1.518377321754109 -51.020331710189694
-12.711578771246685 -1.3819772664030348 -50.806931048639825
-12.231193100571302 -1.7591624913169133 -49.347244173044785
-12.97164268325336 -1.2898784407520933 -48.28408582760639
-12.746938931302081 -1.6363045344131988 -46.92212431883071
-12.839777427287402 -3.1176813538828076 -46.5077665758687
-13.649822934190263 -3.9234213651275436 -47.16910050188718
-13.913472370618342 -5.3222717415935445 -46.893980522797946
-13.301112728082717 -6.215851838464038 -47.870580581459805
-12.18963324343075 -5.800914714131857 -48.6372757960987
-11.393565830562697 -6.644971372107634 -49.508642971819654
-12.119599483906386 -6.96044256145085 -50.776025520103296
-12.890843760293206 -6.002494256368873 -51.413344295775886
-13.509595917065248 -6.19189895395872 -52.67794739923479
-13.041484014142767 -5.005616783199094 -53.5650233188946
-12.683156067693263 -5.238200735649479 -54.848883154686334
-12.387690798569336 -4.154339770977848 -55.78696187602609
-13.430403008567431 -4.060272537182971 -56.88202822716043
-13.551960751066824 -3.015568777986866 -57.686733499639494
-14.4674715508849 -2.961669103882926 -58.89790346096344
-13.64666279304703 -2.9519256505537212 -60.18247289599368
-13.762185432896489 -3.9697744772063634 -60.948967547936455
-12.947350658120538 -4.177417306985824 -62.232403846625616
-13.646296245940418 -3.8954168688485797 -63.48996078860862
-14.859443887587616 -3.2741454692037024 -63.38494853923362
-15.513727351493381 -2.6947555687870377 -64.5816833445421
-15.705464416414902 -1.2135876491061786 -64.33997205747013
-16.390732100400612 -0.8709054377844677 -63.27874312692714
-16.799327307457187 0.48199716551218474 -62.91650042802313
-17.397757442740403 1.4553820365524024 -64.07191065572998
-18.658708569641774 1.1507498111192886 -64.61549978902886
-19.294246230971375 1.9306629802187043 -65.59883800424896
-20.795060575058354 2.0624505239205257 -65.28468505346764
-21.546747560499842 3.0562235807702773 -65.73989036754563
-22.95409586266577 3.149624805386123 -65.42786218144191
-23.889534941562776 1.996104026123594 -65.8059737400454
-23.5075833937046 0.974062630365419 -66.5248807981634
-24.160996476718346 -0.3197163411837092 -66.59500205428819
-24.210533140738963 -1.0610733865390922 -65.32525531281742
-23.246979049368818 -0.8093560045323835 -64.4428837082182
-23.1775397079403 -1.3815672875693088 -63.109415663549484
-23.061973089545386 -0.45604640243583117 -61.92368024538334
-23.20620369372242 0.7852247298701606 -62.2241842589811
-23.262975993757678 1.7529243999014144 -61.13797599983352
-24.627072505830814 2.4502780840433713 -61.12521285697012
-25.493996278345385 2.1864269392549303 -60.145380447891014
-26.86822966594549 2.6285729841384264 -60.214675221540155
-27.049565241364096 3.928740603823908 -59.328149842869
-28.149067655551917 4.7072983169806975 -59.55291922330352
-28.396672686827984 5.895597276400844 -58.6544915942935
-29.719047109003846 5.7875297773641465 -57.86597443574558
-29.8030124217041 6.102152281210673 -56.57822980022936
-31.07408531122226 6.263663679919547 -55.849288158851024
-31.279467745881412 7.5524756617134985 -55.12085281568152
-32.480172539580984 7.750159562962652 -54.5762793352376
-32.97472891506141 9.03888497020573 -54.12725876959928
-32.611584346558836 10.241189098364238 -55.03037344186744
-32.387931991946175 11.436082278669788 -54.470815366402945
-32.01017270863748 12.499783097567503 -55.29021470350655
-30.555038696804843 12.476155161025247 -55.831177867378216
-29.6865999242507 11.538145143216429 -55.31213616074545
-28.356331086198068 11.351129288247527 -55.88179178016246
-27.449291935403714 10.60277332976446 -54.91935055437306
-28.014129231726887 9.532258833479384 -54.23372340798635
-27.15126262285923 8.556736919045864 -53.572991425795216
-26.680672274634848 7.520004776369829 -54.62059545522222
-25.371686244945572 7.496988383399708 -54.839361975499074
-24.72047258620281 6.698384143103113 -55.88803457473332
-24.37957872080175 5.413438746015656 -55.20549524637493
-24.782662566416676 4.268494511430375 -55.76275189869845
-24.24912295087472 3.066842077730472 -55.19928801801177
-23.389719520221515 2.2835620081413928 -56.16860317040804
-22.223977438741976 1.739553108893832 -55.737445938573686
-21.491281024115967 0.7797032281717257 -56.50418510005175
-22.095537550915736 -0.5947516244298267 -56.4796011680685
-21.887917246531043 -1.4368713436127518 -57.46490485353688
-22.46275361491438 -2.7813932777183856 -57.53096229471341
-21.639122274042343 -3.7850986289028166 -58.43204072393648
-22.03207487530999 -5.111821080942461 -58.400295373605104
-21.44421003926296 -6.240107222906786 -59.143910498620265
-19.945734952342026 -6.456466737474873 -58.98052285187075
-19.36709842107676 -5.843783730200212 -57.970973546681826
-18.108892028021963 -6.262052061652414 -57.41712232782357
-18.012943646660275 -7.709155188165619 -56.890105929358846
-19.06128572881029 -8.368607561763426 -56.406778813113604
-19.035533235266257 -9.678963344344218 -55.88126095944379
-19.131332815412165 -10.73112462918677 -56.949100779831745
-19.27557790277209 -10.412957830825205 -58.255110158673574
-19.300388897005064 -11.341734111310032 -59.33248627044098
-17.90725455966743 -11.611705912869036 -59.83776216828888
-16.84441047237032 -10.877366754070403 -59.45572180792706
-15.505167823951865 -10.968830255948482 -60.00500367090611
-14.788743909107955 -12.251362223707893 -60.04260012291881
-14.62797926714978 -12.882696794048597 -58.9017448425355
-13.962605640759653 -14.131126803964554 -58.72978460457292
-14.977426708807524 -15.293149535593855 -59.169033553800354
-16.328410809254674 -15.02220746250928 -59.08125420422322
-17.41695010223941 -15.907963861694515 -59.30356251056
-17.52186331520428 -16.171619223001805 -60.834656926513944
-17.50001252167549 -15.106243675357575 -61.6898907619012
-17.491972822584152 -15.260144180907517 -63.138928100754704
-16.223706787200086 -15.85542124563664 -63.76399433872382
-15.136942577012768 -15.941209768017082 -63.00042848909239
-13.873802709292143 -16.654411961054223 -63.30913432479455
-14.164572434140432 -18.14855121837976 -63.37462177946549
-15.067442934615759 -18.696317666483466 -62.51125860048202
-15.575617898051492 -20.04766167900148 -62.51537972931141
-16.45116331129124 -20.355643914878907 -63.77932645071263
-17.280186884414682 -19.368847873269402 -64.1621954505489
-18.245425146065372 -19.454304411901372 -65.28470080564101
-17.70723845271556 -19.279287299861494 -66.74248983885045
-16.59269462087118 -18.531975952032575 -66.8182729635035
-15.955922403324463 -18.24124131466569 -68.04935232165722
-16.65483731595508 -17.100463861228633 -68.86403798746403
-16.070467143117536 -15.819829503084284 -68.95321205682143
-16.630292355637785 -14.741606978966924 -69.64416072742988
-15.605650354257032 -13.697927410074493 -70.16660952933442
-14.46262770921275 -13.509363890629626 -69.47134084680667
-13.380421452319673 -12.58962433624603 -69.70539638917363
-13.85027074049053 -11.15510363305679 -69.9361970572985
-14.928297198210423 -10.754139391553773 -69.26277387984162
-15.661206931486966 -9.550954252440574 -69.65985374663678
-14.869742764055022 -8.282095111925983 -69.88040535278364
-13.92258932679153 -7.850367050028502 -69.00319820742286
-13.150817163652034 -6.678085822527225 -69.25705871758916
-12.333389532615303 -6.740342463768119 -70.47061364846878
-11.946563267490951 -7.935408391304321 -70.88651664409409
-11.119190515415198 -8.16060877932006 -72.03996853944842
-11.868589588142855 -7.816657894405706 -73.33656337082185
-13.094060564415276 -8.349157903095763 -73.42116573225923
-13.94637763335702 -8.278182563642806 -74.6141148521124
-14.648894207695399 -6.892701345054398 -74.63851901411553
-15.093568249447852 -6.242081657374727 -73.48639522554565
-15.834765540584545 -4.948143796830001 -73.48495689454357
-14.86732802243395 -3.8495197630980345 -73.27102389330646
-14.495933369761685 -3.111697732473086 -74.35265761798333
-13.861532522144632 -1.7702209249608456 -74.42220823525307
-12.32439737952778 -1.7130674134778594 -74.13978380975122
-11.517928279628267 -1.577268775965966 -75.19239845383731
-10.087419188538759 -1.7893991791901722 -75.14390677326438
-9.236254340184068 -0.5305087178270622 -74.89667590269174
-9.779633253632921 0.6883780284532772 -74.89588076606212
-8.98995055170538 1.8880306431832121 -75.17153852647725
-8.396152637072952 2.5897410143210804 -73.90893048350163
-8.630440876841666 2.0561883867678494 -72.70230555751495
-7.94896335172827 2.613953367519323 -71.55435847583983
-6.996364185933628 1.5957268529029378 -70.97527913081552
-6.7112179836513475 0.466168643755567 -71.68094149651708
-5.852309137295238 -0.6455910817695176 -71.219020788104
-4.381183572247115 -0.1760770168232461 -71.21108592141177
-3.517326437689591 -0.6557341965895519 -70.25714609297894
-2.055732242839861 -0.3335112070935646 -70.12681610362824
-1.1496116105879124 -1.1561244569059288 -71.00065689379737
-0.17016718704426903 -0.5890481104481715 -71.5931469600378
0.7803595865410885 -1.2896902208163763 -72.5241882982007
1.4024119063046587 -2.6901359977748918 -72.11793556549405
1.8361856330500277 -2.8400802631152327 -70.86333065145801
2.5858466524567882 -3.9833091013535578 -70.3503908019612
1.5644134849487645 -5.075074526486836 -70.13766727468392
0.28778667834317617 -4.738245613282651 -69.79719247545772
-0.8574327855321093 -5.674731440559807 -69.68428591216946
-1.2434161792858498 -6.276616617139747 -71.04671824899862
-1.2755069141269673 -5.4154176180403475 -72.02521237209233
-1.5404652419600762 -5.64442082935418 -73.47368632330794
-0.47905877386977735 -6.599245922731776 -74.01432275475875
0.8123111511174712 -6.384209501874828 -73.63451161295477
1.8509394515588136 -7.296508407624052 -74.01834504344487
2.0569107225464043 -8.401998017338961 -73.01793489806892
0.9755855083698859 -8.898238141461919 -72.37280225491186
0.9266493661830785 -10.112424793885921 -71.51358910329137
1.8606989372587854 -10.11181777938748 -70.31388647487027
2.099431768373272 -9.056648556469751 -69.57898009437426
2.958190800075201 -8.975932513382617 -68.40661925238433
2.174341837346263 -8.848582197618946 -67.1015915981876
2.7283023420856374 -9.126692624061443 -65.92977341886052
2.0277203850075707 -8.909713292819738 -64.66208731519086
1.7511771163095982 -7.513191007893755 -64.24263314393174
0.6295534395568407 -7.303216074005648 -63.5818876990469
0.26933498521318694 -6.011159787383371 -62.957098819002766
1.1459186348284252 -5.535995177081296 -61.90105023160828
1.463716330640088 -4.228971131295175 -61.78160671360584
2.3442606307247207 -3.6613002091149056 -60.78522264076546
2.0719628766744917 -2.167344057408175 -60.895631936774556
2.47030482960677 -1.2491066724383468 -59.97482089685523
1.9939373976423462 0.09218680147486413 -60.11553715763049
2.416389695415485 1.0463833059939773 -61.248628725999026
3.519783706370127 0.8120270963631815 -62.00733037720863
3.7891381623262474 1.6090275288769744 -63.170739348271596
2.750414037459465 1.6448310797111056 -64.24464572668165
1.6991624288264537 0.7431651084100989 -64.17636927732754
0.6091249655290758 0.7410496167937104 -65.02835021293421
-0.18187931795233048 2.1042741401294256 -64.99744608136115
-0.5167680083035677 2.6049646022885358 -63.79656365202482
-1.3047895355822123 3.8023963930459033 -63.471418883691285
-0.8405976830445774 5.104719043337114 -64.17203902806115
0.5129124821999458 5.194215054826006 -64.21139978052447
1.2006795692020245 6.335630210264043 -64.77291986018123
1.2153593688281288 6.32782130951914 -66.2661957521946
0.9064139035009781 5.204486350149063 -66.90144723699231
0.711857575499478 5.201780471591136 -68.36046971082625
-0.49303598776920454 6.014676725903151 -68.80056616569301
-1.5703837414388806 5.832664649781717 -68.03838888973024
-2.774282812595758 6.635141419421062 -68.07799231186665
-2.6135185779399075 8.079606479841077 -67.7599800118781
-1.7443606234363842 8.382813562410341 -66.77604797790589
-1.3639683583158875 9.795662154216455 -66.5676503971887
-0.5934569139310379 10.423060673917604 -67.79440115071563
0.21298514658675538 9.567659735194006 -68.4987248810429
0.8619514397213137 9.828846259100109 -69.78333717728167
-0.07591233334097935 10.268702757449717 -70.89167349153217
-1.1337235958897702 9.448016915686607 -71.0872944293115
-2.1883546945417063 9.815829233861185 -72.11405516608588
-2.9946132265214613 11.088159560049629 -71.74591276267216
-3.286830109376164 11.428369843585735 -70.48415853274572
-4.093160494225851 12.55007414522619 -70.1166535085259
-3.3528549009713453 13.838356350686514 -70.36835174497645
-1.994858994714127 13.822617111430647 -70.07458715424649
-1.0442037759752139 14.84989580509534 -70.36164804519355
-0.9236063735673397 15.240922200416664 -71.85622382735986
-0.8289456938927499 14.226157047893075 -72.79495798990177
-0.8701022916786612 14.306751581472259 -74.1828938044448
-2.190983349094406 14.897938604850465 -74.71982520807212
-3.3602557435312024 14.462975000717956 -74.27573193898931
-4.639639791035371 14.925145762565073 -74.68303939181018
-4.838843343116703 16.422465134337976 -74.42214897070899
-4.318408069705728 16.97280440696863 -73.28220782618872
-4.5834136388732345 18.31192100707183 -72.8338629564733
-4.122434416287 19.426465869161223 -73.71968441928622
-3.0786336346990266 19.07093068676225 -74.5417573467361
-2.4432694757907996 19.99080350466427 -75.44900301404387
-2.9529465562477037 19.80144033549685 -76.85694546002263
-3.2123388093587977 18.50476164607632 -77.11585872248341
-3.713591308508415 17.976656218436162 -78.42768209906403
-5.150816847813237 18.2934510408261 -78.60198359459217
-5.906682807497815 18.496493636284278 -77.5351651868368
-7.221799998994149 19.09306868856367 -77.60340602936817
-8.379756256192852 18.092380152473652 -77.98751833225273
-7.899632925282383 16.825613355545613 -78.01747523909152
-8.701655582057386 15.737153763581393 -78.3964279464365
-7.889896568596089 14.422215832691657 -78.1112927582264
-8.560537297055257 13.243773685688122 -78.07095762400206
-7.906812574538643 12.004557858765395 -77.71489560955754
-6.678192917756068 11.64690083312088 -78.62250475222042
-5.667235771055313 10.934628069532296 -78.09992242582818
-4.553737509536864 10.35611440097661 -78.83840745271189
-4.769720844724532 8.835234988690662 -79.0253027000009
-5.491565952415997 8.176131464320553 -78.12920157563117
-5.864516477339148 6.775892767669785 -78.18877911724911
-7.369741716361148 6.550817038641213 -78.34928887587088
-7.655065464219614 5.645241919546257 -79.28382713664183
-8.961720143726135 5.396610494230649 -79.74934411078068
-9.088749350524 3.938383926070082 -79.97772845468698
-8.287779703292026 3.1031226030798225 -79.24343817400134
-8.420259510295988 1.617201983866529 -79.15144257994332
-9.843041418888124 1.1267957098666943 -78.99932472003239
-10.260127811087653 0.28970942821969203 -80.00924662971416
-11.564440502124123 -0.2995477439394383 -80.19296683846436
-11.835735820512925 -1.2680325808196833 -79.01986548298298
-10.779006475578633 -2.056446303464763 -78.77101290377496
-10.69669735981981 -3.071557664464075 -77.72987035907293
-9.44726864336264 -2.8530027940590186 -76.98229713431155
-9.08345053438129 -3.590635149383839 -75.94099854255631
-7.809761115581181 -3.598782748551395 -75.31129703730888
-6.733761391748341 -4.216324949620581 -76.17028213188351
-7.0548933857848315 -5.3013105225393 -76.90084916272157
-6.110472104904773 -5.816210324421993 -77.85162342521313
-5.766943532806562 -4.9147796095846745 -78.97498540115897
-6.7619724719802345 -4.1499709410916195 -79.48221286553706
-6.637669086046933 -3.1656179798289372 -80.57124707033638
-5.698186517852648 -2.0005034268109574 -80.01858427039653
-5.77224797285654 -1.6351579225067678 -78.70713888001107
-4.843654674307468 -0.7496114026225535 -78.025739865523
-3.338122779389689 -1.156066918465573 -78.15902212916968
-2.9805521956109002 -2.4583510487457563 -77.98199271873148
-1.6245225455642287 -2.9055789963138934 -78.10408258158392
-1.1799785816773012 -2.9672759762676857 -79.55472082479923
-2.0932158228541065 -3.260471312641783 -80.4332641558926
-1.8611865416918312 -3.276296123700793 -81.85228477888714
-1.8266017420881484 -1.835028918625655 -82.53415279525358
-2.471444889587917 -0.8705939523938478 -81.93754533314825
-2.375536997143377 0.4906862937900477 -82.41712415093498
-1.0317964098198478 1.0345397021121836 -82.0290344184108
-0.41784661615152974 0.4033924246415095 -81.02912710076762
0.9811656291484561 0.6839696351318274 -80.66706172914996
1.9195703402455986 0.07352238009630652 -81.71356593547591
1.7034714734532643 -1.1564116798489512 -82.092545210229
2.4978665189840417 -1.6079740182098845 -83.20494592887746
2.2207998248179557 -0.9441999328900331 -84.60326944178712
0.9777748016089567 -0.3716936271175285 -84.81968964786387
0.8184854104570555 0.3338679625394849 -86.07706362078935
1.9059955825562427 1.4205770408949576 -86.46334066220003
2.374410478883384 2.146845191443468 -85.39950201021462
3.3902799847575915 3.180628009514142 -85.52347409952047
4.863068936965244 2.639809890559678 -85.44611515626532
5.296824485445891 1.999365805808166 -84.32720951110328
6.739296046446166 1.7584576138101808 -84.07470709489192
7.119877854026837 0.24562259613980464 -84.37513769978234
6.120000913020157 -0.5701283841424859 -84.86215564229038
6.362158833914775 -2.0091148421540557 -85.33396209490785
6.870851543486729 -2.999420567183953 -84.25901696266261
7.04860821454706 -4.258519490597467 -84.6432086991637
7.358849964589951 -5.377558339386232 -83.77928898004298
8.867948035262092 -5.446525341064192 -83.58536063173175
9.46289412093962 -5.554501435864041 -82.39466241646858
10.90102936360933 -5.7717549157547205 -82.11624355093417
11.550356323593075 -7.063237052636245 -82.65027237446093
12.77519374516121 -7.2198333605285425 -82.96359220317353
13.432785403412565 -8.529914614262534 -82.95662287055698
13.463864022769343 -9.23168150545454 -81.5670013538337
13.814160843845656 -10.535175668666712 -81.51965606636819
13.792215433249648 -11.294840176525598 -80.31492542385408
14.620174131486008 -10.778235007558763 -79.05960769962465
15.940209882910437 -10.516024385799183 -79.21111652532714
16.797018701029955 -9.894342228322444 -78.22251630051713
16.259950356614837 -8.573434121092035 -77.74249454722775
15.893778744289987 -7.654018144256497 -78.68781802143008
15.439686695948883 -6.2758662633648505 -78.3022826149209
14.067275930785195 -6.184834051949161 -77.62649423373198
13.209928593727128 -7.2524044719265435 -77.73014702138924
11.990589679114954 -7.2992370659997174 -76.92797681154721
12.073764077889672 -7.28074637293919 -75.41659295554938
11.17071592037262 -6.578678487348234 -74.72857810645363
11.028476218906876 -6.556405013539054 -73.26920775877308
10.951912116395764 -7.869248024577566 -72.58360019186537
11.47097843514479 -7.943784113728953 -71.29369741859934
11.360728895500664 -9.146352934495862 -70.48038328962063
10.340061230882123 -8.986958419855123 -69.41275530336749
9.753255623857585 -10.17004013146419 -69.09843028782004
8.549650561781375 -10.367413774119242 -68.33235854923893
7.432157073626488 -9.354250304278033 -68.32869446157304
6.683680816710596 -9.214988345091298 -69.3736380000016
5.833742757422607 -8.052297685637038 -69.64843670192649
4.468389422171982 -8.736477110394024 -69.88505788261696
3.396897810322706 -7.980739662414999 -70.11279074814195
2.042578200796521 -8.444516008566566 -69.91567630053443
1.517762895207645 -9.491443943997675 -71.0036813117437
2.117223373227903 -9.474690310697092 -72.16495155257054
1.8330885935489665 -10.389025968692026 -73.27308317622158
3.013950055036871 -11.06896084549368 -73.85984595975229
3.041503033474929 -12.34664045973952 -74.19447586791382
4.210990714888922 -13.045401954570533 -74.87214566573051
4.252686055232898 -12.655329166782618 -76.33577195641718
5.406325908029377 -12.879690698281781 -77.02221158754764
5.651993253222576 -12.577649538856248 -78.35513554888284
4.664308201925793 -13.255215373088564 -79.31948740628533
4.103159104149324 -14.438092848219853 -78.97910748010904
3.201587396544042 -15.176047646625761 -79.81583584651976
1.7346338485067443 -14.653648529931528 -79.76511619278257
1.4918029549794396 -13.558859634131469 -79.00386537497187
0.17942789581204122 -12.909083462088995 -78.93501779543385
0.055506064582946144 -11.824456423006025 -80.05818774534491
1.1061638411264783 -11.559176402399887 -80.80533525002292
1.1336036445865862 -10.646104083422246 -81.91239904734198
1.166550528899691 -11.387304784213116 -83.20858646838914
0.6174642259846672 -10.839574767752021 -84.25464603307752
0.8225573297451559 -11.264492413445549 -85.65197236949342
2.236614712643036 -10.862283069313696 -86.14050587724103
2.808615763903408 -11.662684148676611 -87.00213597268255
4.2326447156833105 -11.638271570466639 -87.39439721357627
4.443059870650183 -10.809160212942357 -88.64109303495616
3.7627312687640035 -9.627188861081668 -88.76505468427048
4.2152102965253215 -8.501711069593 -89.5873332756694
5.742811965951514 -8.31646928443752 -89.75994484204875
6.247404939634092 -7.991918111506299 -90.94593779148646
7.686771289686069 -7.945447368162918 -91.19334068866736
8.07814811578557 -6.471874411265769 -91.46945310521541
9.279130773199391 -6.293968294506341 -91.97678397263236
9.87767509324575 -4.964632998189496 -92.00932555480502
9.667294610361884 -4.396311822833521 -93.3803523477063
9.753420953259806 -3.0793178501232124 -93.55308839461071
9.69291257011029 -2.4431769027099937 -94.88396012102935
11.070059127904095 -1.8146833689736581 -95.16837951138561
11.51630244005271 -1.5846369130718838 -96.43577712027157
12.664431801105561 -0.6995467959181894 -96.7193831315677
12.644913153284424 0.6507902042309741 -96.08812795614504
13.694630858689496 0.9100400166186982 -95.24779460012694
13.950188467278938 2.21276479627753 -94.59188765723776
13.964944424435625 3.3871300438512963 -95.57870378115453
14.493517591558838 3.172421604680737 -96.82689602630911
14.495694827796461 4.1782313362784285 -97.94018949267621
13.10333522995472 4.379336007072394 -98.4645375900001
12.108242768865681 3.423702499309 -98.22630308058329
10.724581455105627 3.636715871490818 -98.52106416411586
10.014514531440282 4.3528599871486335 -97.41623345723103
10.315882677614281 4.0988496724933965 -96.15352213401492
9.81165311246664 4.683500496262594 -94.9475181011017
10.26823421192933 6.072123211081095 -94.80183792354961
11.492311168548179 6.3557626498142 -95.11681449218277
11.991076982945554 7.742289493814217 -95.2078628899297
12.278831350374201 8.077000562734831 -96.66525060578859
11.312984407671804 8.69632056571625 -97.31639244216737
11.559560423480333 9.45422321550339 -98.62195239230721
12.802306739000988 10.322713195194236 -98.65809914949824
13.500684290979374 10.505242018009527 -99.77849781348074
14.689338274151794 11.326677263493282 -99.99791029358673
15.842455349780813 10.930991275074183 -99.03928050293365
16.07463979371409 9.636921595514497 -98.83940823882541
17.14832395414037 9.101121299056118 -97.98297368572656
17.88456897999804 8.083499205112163 -98.79028511448394
19.20474202270472 8.202950911461379 -98.92889148267948
20.15359283814588 7.295632076292244 -99.67545191285471
20.242764118616186 5.901192766504984 -98.99021991199672
20.52918746141818 4.815756070856112 -99.72798267110295
20.644168398344764 3.47558187612326 -99.23689250694423
21.81018188786277 3.160774831454123 -98.28223949726257
22.856677348236353 3.7365572141757473 -98.5387435559434
23.997344344536963 3.6860707817727336 -97.68089221859572
23.82835583453074 4.361791889887811 -96.34261207248171
23.215998736095454 5.5869539023400465 -96.30589034749602
22.566940348072777 6.345139663295932 -95.18678744641477
21.510896229894758 5.625321950849135 -94.4400688812958
20.52991640893237 5.01307823758587 -95.21115097361114
19.479401205819943 4.189664582065243 -94.63500926146412
20.032992606235638 2.8666400779475225 -94.026865296872
21.18486795177 2.367859605002571 -94.48904947831318
21.794984054274263 1.1674667172751538 -93.93294423723141
22.568498567921043 1.5043027634194381 -92.60894723915062
23.172478527716653 2.710022787820174 -92.5239840562418
23.70513716011885 3.3185610618458017 -91.3960837667462
22.62155300133725 3.7739161906088246 -90.3779873925236
21.367984401467236 4.204645341157156 -90.81434935607315
20.23407753426517 4.350423814884027 -89.89057713259125
19.70168725775687 3.0065696772314503 -89.34791756814955
19.71504831384275 1.9066321370760302 -90.16146361034298
19.343412091404076 0.5935309453753514 -89.7172349371562
20.372654598897814 -0.01085704829280787 -88.7004252599513
21.64259450088402 0.23172021476491986 -88.82348359778211
22.668659596390643 -0.04564692124583822 -87.80062767508743
22.460595563698142 0.8352348026729935 -86.57488027247663
22.02712768648884 2.098196792447221 -86.66317916635865
21.729274193679448 2.9975343644665484 -85.52821444902283
20.34931941085753 2.8065828210275874 -84.88329774074074
19.203611172519214 2.593215999177862 -85.57360615550505
17.94426960840616 2.1716637492595168 -85.00420919512048
17.81592868339796 0.6420567410721958 -84.90269149229118
18.95577455804326 -0.0900235266947308 -84.54233118790236
18.934615743492294 -1.4282104365940613 -84.0898022036318
18.3298747127025 -1.412419233862097 -82.6593272172083
17.184251885015513 -2.1383798747418266 -82.58493608604229
16.370221273107536 -2.2381558961792303 -81.40604614800725
17.155716605134856 -2.9058851088032354 -80.29553571026376
17.818177642450976 -4.069758415522607 -80.50878687736858
18.73792585610761 -4.771013682483469 -79.55727701263613
20.069786518251032 -4.001594995458295 -79.33057235331194
20.401955823349628 -3.5908238141107756 -78.10592902247657
21.640656153069674 -2.8664471522588277 -77.78782888943981
22.93528909435386 -3.606324580785362 -78.07354430014772
23.06289229748483 -4.880494231411212 -77.76740650019399
24.251866903868553 -5.659259280022689 -77.96441432393591
24.58702567755692 -6.034439103416778 -79.38833838459884
23.66184999862048 -5.776016201663398 -80.28457311811034
23.78876745342534 -5.856780766473382 -81.70859701055032
23.64130295957558 -4.569979881811223 -82.49494277310403
23.799986322109547 -3.3629319429483537 -81.81436650227457
23.741922571652132 -2.0596174150823288 -82.39464180908377
25.186641882601098 -1.549067904433541 -82.64622874316863
25.574374212425763 -1.3312993606108827 -83.93715060218753
26.94739290515612 -0.8874900099718463 -84.23170143278469
27.46558574158247 0.4404424228703383 -83.62966104867445
28.765120306878014 0.488336409730045 -83.30589864963328
29.515319967784805 1.6480881336984181 -82.93155434886445
29.81205821521944 2.606942580562248 -84.07170788350739
30.13850810356691 3.848321806266573 -83.7094920589587
30.482380361421722 4.976250626548033 -84.65999321204274
31.638510091145548 4.638881494436623 -85.60196104960846
32.602002051571546 3.962290906712299 -85.11592905146898
33.73853633977263 3.496352460672423 -85.86297936005037
33.35360601803814 2.5229570530275827 -87.00986527374359
32.44704396265521 1.4725573301383406 -86.79938366902024
32.07988162011346 0.4979865488430103 -87.85439856158003
31.47186719076901 1.2544462455413694 -89.05205723234566
30.65712078773281 2.265432785453566 -88.77809590358122
29.868472989676523 3.0746266469836914 -89.74017196644031
30.797700886255775 3.9546785296315017 -90.51825865826564
31.865262344640048 4.423806213735633 -89.8799178985447
32.887986374469264 5.1749745432582355 -90.58962219175062
33.61168934653049 4.317525496789072 -91.600674665864
33.75896095876763 2.9895275116654974 -91.28227259629038
34.49855885949005 2.099131481530419 -92.07543286984925
33.57581102200751 1.2641184142905788 -92.96794253626331
32.288504747397035 1.6285712877184644 -93.02507622493603
31.29904819552182 1.0316409536471285 -93.8649674976045
31.480746646078316 1.1821374832862204 -95.35214760118564
31.11700959684594 0.14366646649572035 -96.10741493897986
31.33957296434178 0.14837910034332022 -97.5753649701092
30.4243117159078 1.1810728931050074 -98.28729013388256
29.327062174915735 1.58602450731121 -97.65157003763909
28.46403185627239 2.5622183540537025 -98.2968518230582
28.992636777884204 4.008401961837972 -98.53708274687199
30.0444296299998 4.482391022093159 -97.75712045510164
30.532745524703465 5.836363735168112 -97.66167489287311
31.802116898612137 6.00775350029949 -98.61107543154206
